battle_tag,turn,my_pokemon,my_hp_fraction,my_status,opp_pokemon,opp_hp_fraction,opp_status,branch,candidates,chosen_action,chosen_score,we_move_first
battle-gen9ubers-10394,1,ribombee,1.0,,deoxysspeed,1.0,,ribombee_opening,[],move:stickyweb,,False
battle-gen9ubers-10394,2,ribombee,1.0,,deoxysspeed,1.0,,ribombee_opening,[],move:stunspore,,False
battle-gen9ubers-10394,3,ribombee,0.14559386973180077,,deoxysspeed,1.0,PAR,general_scoring,"[('switch', 'arceusghost', 255.0), ('move', 'uturn', 210.0), ('move', 'moonblast', 142.5), ('switch', 'zaciancrowned', 95.0), ('switch', 'kyogre', 35.0), ('move', 'stunspore', 10.0), ('move', 'stickyweb', 10.0), ('switch', 'eternatus', 5.0), ('switch', 'koraidon', -25.0)]",switch:arceusghost,255.0,True
battle-gen9ubers-10394,4,arceusghost,0.6940298507462687,,deoxysspeed,1.0,PAR,general_scoring,"[('move', 'judgment', 300.0), ('switch', 'ribombee', 125.0), ('move', 'calmmind', 110.0), ('switch', 'zaciancrowned', 95.0), ('move', 'powergem', 80.0), ('move', 'aurasphere', 40.0), ('switch', 'kyogre', 35.0), ('switch', 'eternatus', 5.0), ('switch', 'koraidon', -25.0)]",move:judgment,300.0,True
battle-gen9ubers-10394,5,arceusghost,0.6940298507462687,,kingambit,0.65,,hard_ko,[],move:aurasphere,,True
battle-gen9ubers-10394,6,arceusghost,0.6940298507462687,,zaciancrowned,1.0,,general_scoring,"[('move', 'judgment', 150.0), ('switch', 'eternatus', 135.0), ('switch', 'kyogre', 115.0), ('move', 'calmmind', 110.0), ('move', 'aurasphere', 80.0), ('switch', 'zaciancrowned', 65.0), ('move', 'powergem', 40.0), ('switch', 'koraidon', -25.0), ('switch', 'ribombee', -73.75)]",move:judgment,150.0,True
battle-gen9ubers-10394,7,arceusghost,0.1044776119402985,,zaciancrowned,0.37,,hard_ko,[],move:judgment,,True
battle-gen9ubers-10394,8,arceusghost,0.1044776119402985,,eternatus,1.0,,general_scoring,"[('switch', 'eternatus', 195.0), ('move', 'judgment', 150.0), ('switch', 'zaciancrowned', 125.0), ('switch', 'kyogre', 115.0), ('move', 'calmmind', 110.0), ('switch', 'koraidon', 92.5), ('move', 'powergem', 80.0), ('move', 'aurasphere', 40.0), ('switch', 'ribombee', -2.5)]",switch:eternatus,195.0,True
battle-gen9ubers-10394,8,eternatus,0,FNT,eternatus,1.0,,forced_switch,[],switch:zaciancrowned,,True
battle-gen9ubers-10394,9,zaciancrowned,0.8769230769230769,,eternatus,1.0,,general_scoring,"[('move', 'behemothblade', 150.0), ('switch', 'kyogre', 115.0), ('move', 'swordsdance', 110.0), ('switch', 'koraidon', 92.5), ('switch', 'arceusghost', 65.0), ('move', 'closecombat', 60.0), ('move', 'wildcharge', 45.0), ('switch', 'ribombee', -2.5)]",move:behemothblade,150.0,True
battle-gen9ubers-10394,10,zaciancrowned,0.009230769230769232,,eternatus,0.35,,hard_ko,[],move:behemothblade,,True
battle-gen9ubers-10394,11,zaciancrowned,0.009230769230769232,,deoxysspeed,1.0,PAR,general_scoring,"[('switch', 'arceusghost', 255.0), ('move', 'behemothblade', 150.0), ('switch', 'ribombee', 125.0), ('move', 'swordsdance', 110.0), ('move', 'wildcharge', 90.0), ('move', 'closecombat', 60.0), ('switch', 'kyogre', 35.0), ('switch', 'koraidon', -25.0)]",switch:arceusghost,255.0,True
battle-gen9ubers-10394,11,arceusghost,0,FNT,deoxysspeed,1.0,PAR,forced_switch,[],switch:ribombee,,True
battle-gen9ubers-10394,12,ribombee,0.022988505747126436,,deoxysspeed,1.0,PAR,general_scoring,"[('move', 'uturn', 210.0), ('move', 'moonblast', 142.5), ('switch', 'zaciancrowned', 95.0), ('switch', 'kyogre', 35.0), ('move', 'stunspore', 10.0), ('move', 'stickyweb', 10.0), ('switch', 'koraidon', -25.0)]",move:uturn,210.0,True
battle-gen9ubers-10394,12,ribombee,0.022988505747126436,,deoxysspeed,0.65,PAR,forced_switch,[],switch:zaciancrowned,,True
battle-gen9ubers-10394,12,zaciancrowned,0,FNT,deoxysspeed,0.65,PAR,forced_switch,[],switch:ribombee,,True
battle-gen9ubers-10394,12,ribombee,0,FNT,deoxysspeed,0.65,PAR,forced_switch,[],switch:kyogre,,True
battle-gen9ubers-10394,13,kyogre,0.875,,deoxysspeed,0.65,PAR,general_scoring,"[('move', 'waterfall', 120.0), ('move', 'earthquake', 100.0), ('move', 'bodyslam', 85.0), ('move', 'terablast', 80.0), ('switch', 'koraidon', -25.0)]",move:waterfall,120.0,True
battle-gen9ubers-10394,14,kyogre,0.875,,koraidon,1.0,,general_scoring,"[('switch', 'koraidon', 92.5), ('move', 'waterfall', 60.0)]",switch:koraidon,92.5,False
battle-gen9ubers-10394,14,koraidon,0,FNT,koraidon,0.91,,forced_switch,[],switch:kyogre,,True
battle-gen9ubers-10394,15,kyogre,0.75,,koraidon,0.91,,hard_ko,[],move_tera:terablast,,False
battle-gen9ubers-10394,16,kyogre,0.3670212765957447,,arceusfairy,1.0,,general_scoring,"[('move', 'terablast', 80.0)]",move:terablast,80.0,False
battle-gen9ubers-10394,17,kyogre,0.04521276595744681,,arceusfairy,0.69,,general_scoring,"[('move', 'terablast', 80.0)]",move:terablast,80.0,False
battle-gen9ubers-10395,1,ribombee,1.0,,zaciancrowned,1.0,,ribombee_opening,[],move:stickyweb,,False
battle-gen9ubers-10395,2,ribombee,0.0038314176245210726,,zaciancrowned,1.0,,ribombee_opening,[],move:uturn,,False
battle-gen9ubers-10395,2,ribombee,0,FNT,zaciancrowned,1.0,,forced_switch,[],switch:eternatus,,False
battle-gen9ubers-10395,3,eternatus,1.0,,zaciancrowned,1.0,,general_scoring,"[('move', 'fireblast', 220.0), ('switch', 'kyogre', 115.0), ('switch', 'arceusghost', 65.0), ('switch', 'zaciancrowned', 65.0), ('move', 'meteorbeam', 60.0), ('move', 'sludgebomb', 0.0), ('move', 'dynamaxcannon', 0.0), ('switch', 'koraidon', -25.0)]",move:fireblast,220.0,False
battle-gen9ubers-10395,4,eternatus,0.2660332541567696,,zaciancrowned,0.17,,hard_ko,[],move:fireblast,,False
battle-gen9ubers-10395,4,eternatus,0,FNT,zaciancrowned,0.17,,forced_switch,[],switch:kyogre,,False
battle-gen9ubers-10395,5,kyogre,1.0,,zaciancrowned,0.17,,hard_ko,[],move:earthquake,,False
battle-gen9ubers-10395,5,kyogre,0,FNT,zaciancrowned,0,FNT,forced_switch,[],switch:arceusghost,,False
battle-gen9ubers-10395,6,arceusghost,1.0,,eternatus,1.0,,general_scoring,"[('move', 'judgment', 150.0), ('switch', 'zaciancrowned', 125.0), ('move', 'calmmind', 110.0), ('switch', 'koraidon', 92.5), ('move', 'powergem', 80.0), ('move', 'aurasphere', 40.0)]",move:judgment,150.0,True
battle-gen9ubers-10395,7,arceusghost,0.5373134328358209,,eternatus,0.54,,general_scoring,"[('move', 'judgment', 150.0), ('switch', 'zaciancrowned', 125.0), ('move', 'calmmind', 110.0), ('switch', 'koraidon', 92.5), ('move', 'powergem', 80.0), ('move', 'aurasphere', 40.0)]",move:judgment,150.0,True
battle-gen9ubers-10395,8,arceusghost,0.0945273631840796,,eternatus,0.01,,hard_ko,[],move:judgment,,True
battle-gen9ubers-10395,9,arceusghost,0.0945273631840796,,kingambit,1.0,,general_scoring,"[('switch', 'zaciancrowned', 395.0), ('move', 'aurasphere', 320.0), ('switch', 'koraidon', 155.0), ('move', 'calmmind', 110.0), ('move', 'judgment', 75.0), ('move', 'powergem', 40.0)]",switch:zaciancrowned,395.0,True
battle-gen9ubers-10395,10,zaciancrowned,0.6553846153846153,,kingambit,1.0,,hard_ko,[],move:closecombat,,True
battle-gen9ubers-10395,11,zaciancrowned,0.6553846153846153,,deoxysspeed,1.0,,general_scoring,"[('switch', 'arceusghost', 255.0), ('move', 'behemothblade', 150.0), ('move', 'swordsdance', 110.0), ('move', 'wildcharge', 90.0), ('move', 'closecombat', 60.0), ('switch', 'koraidon', -25.0)]",switch:arceusghost,255.0,True
battle-gen9ubers-10395,12,arceusghost,0.0945273631840796,,deoxysspeed,1.0,,general_scoring,"[('move', 'judgment', 300.0), ('move', 'calmmind', 110.0), ('switch', 'zaciancrowned', 95.0), ('move', 'powergem', 80.0), ('move', 'aurasphere', 40.0), ('switch', 'koraidon', -25.0)]",move:judgment,300.0,False
battle-gen9ubers-10395,12,arceusghost,0,FNT,deoxysspeed,1.0,,forced_switch,[],switch:zaciancrowned,,False
battle-gen9ubers-10395,13,zaciancrowned,0.5323076923076923,,deoxysspeed,1.0,,general_scoring,"[('move', 'behemothblade', 150.0), ('move', 'swordsdance', 110.0), ('move', 'wildcharge', 90.0), ('move', 'closecombat', 60.0), ('switch', 'koraidon', -25.0)]",move:behemothblade,150.0,True
battle-gen9ubers-10395,14,zaciancrowned,0.42153846153846153,,deoxysspeed,0.35,,hard_ko,[],move:behemothblade,,True
battle-gen9ubers-10395,15,zaciancrowned,0.42153846153846153,,arceusfairy,1.0,,general_scoring,"[('move', 'behemothblade', 300.0), ('move', 'swordsdance', 110.0), ('move', 'wildcharge', 90.0), ('move', 'closecombat', 60.0), ('switch', 'koraidon', -145.0)]",move:behemothblade,300.0,True
battle-gen9ubers-10395,16,zaciancrowned,0.18153846153846154,,arceusfairy,0.37,,hard_ko,[],move:behemothblade,,True
battle-gen9ubers-10395,17,zaciancrowned,0.18153846153846154,,koraidon,1.0,,general_scoring,"[('move', 'behemothblade', 150.0), ('move', 'closecombat', 120.0), ('move', 'swordsdance', 110.0), ('switch', 'koraidon', 92.5), ('move', 'wildcharge', 45.0)]",move:behemothblade,150.0,True
battle-gen9ubers-10395,17,zaciancrowned,0,FNT,koraidon,0.38,,forced_switch,[],switch:koraidon,,True
battle-gen9ubers-10395,18,koraidon,0.8768328445747801,,koraidon,0.38,,hard_ko,[],move:scaleshot,,True
battle-gen9ubers-10396,1,ribombee,1.0,,kingambit,1.0,,ribombee_opening,[],move:stickyweb,,True
battle-gen9ubers-10396,2,ribombee,0.0038314176245210726,,kingambit,1.0,,ribombee_opening,[],move:uturn,,True
battle-gen9ubers-10396,2,ribombee,0.0038314176245210726,,kingambit,0.89,,forced_switch,[],switch:zaciancrowned,,True
battle-gen9ubers-10396,3,zaciancrowned,0.563076923076923,,kingambit,0.89,,hard_ko,[],move:closecombat,,True
battle-gen9ubers-10396,4,zaciancrowned,0.563076923076923,,zaciancrowned,1.0,,general_scoring,"[('move', 'behemothblade', 150.0), ('switch', 'eternatus', 135.0), ('move', 'closecombat', 120.0), ('switch', 'kyogre', 115.0), ('move', 'swordsdance', 110.0), ('move', 'wildcharge', 90.0), ('switch', 'arceusghost', 65.0), ('switch', 'koraidon', -25.0), ('switch', 'ribombee', -73.75)]",move:behemothblade,150.0,True
battle-gen9ubers-10396,4,zaciancrowned,0,FNT,zaciancrowned,0.17,,forced_switch,[],switch:eternatus,,True
battle-gen9ubers-10396,5,eternatus,1.0,,zaciancrowned,0.17,,hard_ko,[],move:fireblast,,True
battle-gen9ubers-10396,6,eternatus,1.0,,deoxysspeed,1.0,,general_scoring,"[('switch', 'arceusghost', 255.0), ('move', 'dynamaxcannon', 150.0), ('move', 'sludgebomb', 135.0), ('switch', 'ribombee', 125.0), ('move', 'meteorbeam', 120.0), ('move', 'fireblast', 110.0), ('switch', 'kyogre', 35.0), ('switch', 'koraidon', -25.0)]",switch:arceusghost,255.0,True
battle-gen9ubers-10396,7,arceusghost,1.0,,deoxysspeed,1.0,,general_scoring,"[('move', 'judgment', 300.0), ('switch', 'ribombee', 125.0), ('move', 'calmmind', 110.0), ('move', 'powergem', 80.0), ('move', 'aurasphere', 40.0), ('switch', 'kyogre', 35.0), ('switch', 'eternatus', 5.0), ('switch', 'koraidon', -25.0)]",move:judgment,300.0,False
battle-gen9ubers-10396,8,arceusghost,0.4552238805970149,,deoxysspeed,0.01,,hard_ko,[],move:judgment,,False
battle-gen9ubers-10396,9,arceusghost,0.2736318407960199,,eternatus,1.0,,general_scoring,"[('switch', 'eternatus', 195.0), ('move', 'judgment', 150.0), ('switch', 'kyogre', 115.0), ('move', 'calmmind', 110.0), ('switch', 'koraidon', 92.5), ('move', 'powergem', 80.0), ('move', 'aurasphere', 40.0), ('switch', 'ribombee', -2.5)]",switch:eternatus,195.0,True
battle-gen9ubers-10396,9,eternatus,0,FNT,eternatus,1.0,,forced_switch,[],switch:kyogre,,True
battle-gen9ubers-10396,10,kyogre,0.875,,eternatus,1.0,,general_scoring,"[('move', 'earthquake', 200.0), ('switch', 'koraidon', 92.5), ('move', 'bodyslam', 85.0), ('move', 'terablast', 80.0), ('switch', 'arceusghost', 65.0), ('move', 'waterfall', 60.0), ('switch', 'ribombee', -2.5)]",move:earthquake,200.0,False
battle-gen9ubers-10396,11,kyogre,0.43617021276595747,,eternatus,0.19,,hard_ko,[],move:earthquake,,False
battle-gen9ubers-10396,12,kyogre,0.43617021276595747,,koraidon,1.0,,general_scoring,"[('switch', 'ribombee', 570.0), ('move', 'earthquake', 100.0), ('switch', 'koraidon', 92.5), ('switch', 'arceusghost', 65.0)]",switch:ribombee,570.0,False
battle-gen9ubers-10396,12,ribombee,0,FNT,koraidon,1.0,,forced_switch,[],switch:koraidon,,True
battle-gen9ubers-10396,13,koraidon,0.8768328445747801,,koraidon,1.0,,general_scoring,"[('move', 'scaleshot', 237.5), ('move', 'swordsdance', 110.0), ('switch', 'arceusghost', 65.0), ('move', 'flareblitz', 60.0), ('switch', 'kyogre', 15.0), ('move', 'taunt', 10.0)]",move:scaleshot,237.5,True
battle-gen9ubers-10396,13,koraidon,0,FNT,koraidon,0.91,,forced_switch,[],switch:arceusghost,,False
battle-gen9ubers-10396,14,arceusghost,0.14925373134328357,,koraidon,0.91,,general_scoring,"[('move', 'judgment', 150.0), ('move', 'calmmind', 110.0), ('move', 'aurasphere', 80.0), ('move', 'powergem', 40.0), ('switch', 'kyogre', 15.0)]",move:judgment,150.0,False
battle-gen9ubers-10396,14,arceusghost,0,FNT,koraidon,0.81,,forced_switch,[],switch:kyogre,,False
battle-gen9ubers-10396,15,kyogre,0.31117021276595747,,koraidon,0.81,,hard_ko,[],move_tera:terablast,,False
battle-gen9ubers-10397,1,ribombee,1.0,,moltres,1.0,,ribombee_opening,[],move:stickyweb,,True
battle-gen9ubers-10397,2,ribombee,0.0038314176245210726,,moltres,0.78,,ribombee_opening,[],move:uturn,,True
battle-gen9ubers-10397,2,ribombee,0.0038314176245210726,BRN,moltres,0.75,,forced_switch,[],switch:eternatus,,True
battle-gen9ubers-10397,3,eternatus,0.38717339667458434,,moltres,0.53,,hard_ko,[],move:meteorbeam,,True
battle-gen9ubers-10397,4,eternatus,0.38717339667458434,,greattusk,1.0,,general_scoring,"[('switch', 'ribombee', 270.0), ('switch', 'kyogre', 155.0), ('move', 'dynamaxcannon', 150.0), ('move', 'fireblast', 110.0), ('move', 'sludgebomb', 67.5), ('switch', 'arceusghost', 65.0), ('switch', 'koraidon', 35.0), ('move', 'meteorbeam', 30.0), ('switch', 'zaciancrowned', 5.0)]",switch:ribombee,270.0,True
battle-gen9ubers-10397,4,ribombee,0,FNT,greattusk,1.0,,forced_switch,[],switch:kyogre,,False
battle-gen9ubers-10397,5,kyogre,1.0,,greattusk,1.0,,general_scoring,"[('move', 'waterfall', 240.0), ('move', 'earthquake', 100.0), ('move', 'bodyslam', 85.0), ('move', 'terablast', 80.0), ('switch', 'arceusghost', 65.0), ('switch', 'koraidon', 35.0), ('switch', 'zaciancrowned', 5.0), ('switch', 'eternatus', 5.0)]",move:waterfall,240.0,False
battle-gen9ubers-10397,6,kyogre,0.38563829787234044,,ogerponwellspring,1.0,,general_scoring,"[('switch', 'eternatus', 255.0), ('switch', 'koraidon', 65.0), ('switch', 'arceusghost', 65.0), ('switch', 'zaciancrowned', 35.0), ('move', 'waterfall', 30.0)]",switch:eternatus,255.0,False
battle-gen9ubers-10397,7,eternatus,0.38717339667458434,,ogerponwellspring,1.0,,general_scoring,"[('move', 'sludgebomb', 270.0), ('move', 'dynamaxcannon', 150.0), ('move', 'meteorbeam', 120.0), ('move', 'fireblast', 110.0), ('switch', 'koraidon', 65.0), ('switch', 'arceusghost', 65.0), ('switch', 'zaciancrowned', 35.0), ('switch', 'kyogre', -60.0)]",move:sludgebomb,270.0,True
battle-gen9ubers-10397,8,eternatus,0.38717339667458434,,darkrai,1.0,,general_scoring,"[('switch', 'zaciancrowned', 185.0), ('move', 'dynamaxcannon', 150.0), ('move', 'sludgebomb', 135.0), ('move', 'meteorbeam', 120.0), ('move', 'fireblast', 110.0), ('switch', 'koraidon', 65.0), ('switch', 'kyogre', 35.0), ('switch', 'arceusghost', 15.0)]",switch:zaciancrowned,185.0,False
battle-gen9ubers-10397,9,zaciancrowned,0.7230769230769231,,darkrai,1.0,,general_scoring,"[('move', 'closecombat', 240.0), ('move', 'behemothblade', 150.0), ('move', 'swordsdance', 110.0), ('move', 'wildcharge', 90.0), ('switch', 'koraidon', 65.0), ('switch', 'eternatus', 65.0), ('switch', 'kyogre', 35.0), ('switch', 'arceusghost', 15.0)]",move:closecombat,240.0,True
battle-gen9ubers-10397,10,zaciancrowned,0.5692307692307692,,garganacl,1.0,,general_scoring,"[('move', 'behemothblade', 300.0), ('move', 'closecombat', 240.0), ('switch', 'kyogre', 155.0), ('move', 'swordsdance', 110.0), ('move', 'wildcharge', 90.0), ('switch', 'arceusghost', 75.0), ('switch', 'eternatus', 65.0), ('switch', 'koraidon', 63.75)]",move:behemothblade,300.0,True
battle-gen9ubers-10397,11,zaciancrowned,0.5692307692307692,,dragonite,1.0,,general_scoring,"[('switch', 'eternatus', 195.0), ('move', 'behemothblade', 150.0), ('move', 'swordsdance', 110.0), ('switch', 'koraidon', 92.5), ('move', 'wildcharge', 90.0), ('switch', 'arceusghost', 75.0), ('move', 'closecombat', 60.0), ('switch', 'kyogre', 0.0)]",switch:eternatus,195.0,True
battle-gen9ubers-10397,11,eternatus,0,FNT,dragonite,1.0,,forced_switch,[],switch:zaciancrowned,,True
battle-gen9ubers-10397,12,zaciancrowned,0.4461538461538462,,dragonite,1.0,,general_scoring,"[('move', 'behemothblade', 150.0), ('move', 'swordsdance', 110.0), ('switch', 'koraidon', 92.5), ('move', 'wildcharge', 90.0), ('switch', 'arceusghost', 75.0), ('move', 'closecombat', 60.0), ('switch', 'kyogre', 0.0)]",move:behemothblade,150.0,True
battle-gen9ubers-10397,12,zaciancrowned,0,FNT,dragonite,0.68,,forced_switch,[],switch:koraidon,,True
battle-gen9ubers-10397,13,koraidon,0.8768328445747801,,dragonite,0.68,,general_scoring,"[('move', 'scaleshot', 237.5), ('move', 'swordsdance', 110.0), ('switch', 'arceusghost', 75.0), ('move', 'flareblitz', 60.0), ('move', 'taunt', 10.0), ('switch', 'kyogre', 0.0)]",move:scaleshot,237.5,True
battle-gen9ubers-10398,1,ribombee,1.0,,moltres,1.0,,ribombee_opening,[],move:stickyweb,,True
battle-gen9ubers-10398,2,ribombee,0.0038314176245210726,,moltres,0.78,,ribombee_opening,[],move:uturn,,True
battle-gen9ubers-10398,2,ribombee,0.0038314176245210726,,moltres,0.75,,forced_switch,[],switch:eternatus,,True
battle-gen9ubers-10398,3,eternatus,0.5914489311163895,,moltres,0.61,,hard_ko,[],move:meteorbeam,,True
battle-gen9ubers-10398,4,eternatus,0.5914489311163895,,greattusk,1.0,,general_scoring,"[('switch', 'ribombee', 270.0), ('switch', 'kyogre', 155.0), ('move', 'dynamaxcannon', 150.0), ('move', 'fireblast', 110.0), ('move', 'sludgebomb', 67.5), ('switch', 'arceusghost', 65.0), ('switch', 'koraidon', 35.0), ('move', 'meteorbeam', 30.0), ('switch', 'zaciancrowned', 5.0)]",switch:ribombee,270.0,True
battle-gen9ubers-10398,4,ribombee,0,FNT,greattusk,1.0,,forced_switch,[],switch:kyogre,,False
battle-gen9ubers-10398,5,kyogre,1.0,,greattusk,1.0,,general_scoring,"[('move', 'waterfall', 240.0), ('move', 'earthquake', 100.0), ('move', 'bodyslam', 85.0), ('move', 'terablast', 80.0), ('switch', 'arceusghost', 65.0), ('switch', 'koraidon', 35.0), ('switch', 'zaciancrowned', 5.0), ('switch', 'eternatus', 5.0)]",move:waterfall,240.0,False
battle-gen9ubers-10398,6,kyogre,0.32180851063829785,,ogerponwellspring,1.0,,general_scoring,"[('switch', 'eternatus', 255.0), ('switch', 'koraidon', 65.0), ('switch', 'arceusghost', 65.0), ('switch', 'zaciancrowned', 35.0), ('move', 'waterfall', 30.0)]",switch:eternatus,255.0,False
battle-gen9ubers-10398,7,eternatus,0.5914489311163895,,ogerponwellspring,1.0,,general_scoring,"[('move', 'sludgebomb', 270.0), ('move', 'dynamaxcannon', 150.0), ('move', 'meteorbeam', 120.0), ('move', 'fireblast', 110.0), ('switch', 'koraidon', 65.0), ('switch', 'arceusghost', 65.0), ('switch', 'zaciancrowned', 35.0), ('switch', 'kyogre', -60.0)]",move:sludgebomb,270.0,True
battle-gen9ubers-10398,8,eternatus,0.5914489311163895,,darkrai,1.0,,general_scoring,"[('switch', 'zaciancrowned', 185.0), ('move', 'dynamaxcannon', 150.0), ('move', 'sludgebomb', 135.0), ('move', 'meteorbeam', 120.0), ('move', 'fireblast', 110.0), ('switch', 'koraidon', 65.0), ('switch', 'kyogre', 35.0), ('switch', 'arceusghost', 15.0)]",switch:zaciancrowned,185.0,False
battle-gen9ubers-10398,9,zaciancrowned,0.7230769230769231,,darkrai,1.0,,general_scoring,"[('move', 'closecombat', 240.0), ('move', 'behemothblade', 150.0), ('move', 'swordsdance', 110.0), ('move', 'wildcharge', 90.0), ('switch', 'koraidon', 65.0), ('switch', 'eternatus', 65.0), ('switch', 'kyogre', 35.0), ('switch', 'arceusghost', 15.0)]",move:closecombat,240.0,True
battle-gen9ubers-10398,10,zaciancrowned,0.5692307692307692,,garganacl,1.0,,general_scoring,"[('move', 'behemothblade', 300.0), ('move', 'closecombat', 240.0), ('switch', 'kyogre', 155.0), ('move', 'swordsdance', 110.0), ('move', 'wildcharge', 90.0), ('switch', 'arceusghost', 75.0), ('switch', 'eternatus', 65.0), ('switch', 'koraidon', 63.75)]",move:behemothblade,300.0,True
battle-gen9ubers-10398,11,zaciancrowned,0.5692307692307692,,dragonite,1.0,,general_scoring,"[('switch', 'eternatus', 195.0), ('move', 'behemothblade', 150.0), ('move', 'swordsdance', 110.0), ('switch', 'koraidon', 92.5), ('move', 'wildcharge', 90.0), ('switch', 'arceusghost', 75.0), ('move', 'closecombat', 60.0), ('switch', 'kyogre', 0.0)]",switch:eternatus,195.0,True
battle-gen9ubers-10398,11,eternatus,0,FNT,dragonite,1.0,,forced_switch,[],switch:zaciancrowned,,True
battle-gen9ubers-10398,12,zaciancrowned,0.4461538461538462,,dragonite,1.0,,general_scoring,"[('move', 'behemothblade', 150.0), ('move', 'swordsdance', 110.0), ('switch', 'koraidon', 92.5), ('move', 'wildcharge', 90.0), ('switch', 'arceusghost', 75.0), ('move', 'closecombat', 60.0), ('switch', 'kyogre', 0.0)]",move:behemothblade,150.0,True
battle-gen9ubers-10398,12,zaciancrowned,0,FNT,dragonite,0.71,,forced_switch,[],switch:koraidon,,True
battle-gen9ubers-10398,13,koraidon,0.8768328445747801,,dragonite,0.71,,general_scoring,"[('move', 'scaleshot', 237.5), ('move', 'swordsdance', 110.0), ('switch', 'arceusghost', 75.0), ('move', 'flareblitz', 60.0), ('move', 'taunt', 10.0), ('switch', 'kyogre', 0.0)]",move:scaleshot,237.5,True
battle-gen9ubers-10399,1,ribombee,1.0,,greattusk,1.0,,ribombee_opening,[],move:stickyweb,,True
battle-gen9ubers-10399,2,ribombee,0.42528735632183906,,greattusk,1.0,,ribombee_opening,[],move:stunspore,,True
battle-gen9ubers-10399,3,ribombee,0.0842911877394636,,greattusk,1.0,,general_scoring,"[('move', 'moonblast', 285.0), ('switch', 'kyogre', 155.0), ('move', 'stickyweb', 100.0), ('switch', 'arceusghost', 65.0), ('move', 'uturn', 52.5), ('switch', 'koraidon', 35.0), ('move', 'stunspore', 30.0), ('switch', 'zaciancrowned', 5.0), ('switch', 'eternatus', 5.0)]",move:moonblast,285.0,False
battle-gen9ubers-10399,3,ribombee,0,FNT,greattusk,1.0,,forced_switch,[],switch:kyogre,,False
battle-gen9ubers-10399,4,kyogre,1.0,,greattusk,1.0,,general_scoring,"[('move', 'waterfall', 240.0), ('move', 'earthquake', 100.0), ('move', 'bodyslam', 85.0), ('move', 'terablast', 80.0), ('switch', 'arceusghost', 65.0), ('switch', 'koraidon', 35.0), ('switch', 'zaciancrowned', 5.0), ('switch', 'eternatus', 5.0)]",move:waterfall,240.0,False
battle-gen9ubers-10399,5,kyogre,0.3696808510638298,,ogerponwellspring,1.0,,general_scoring,"[('switch', 'eternatus', 255.0), ('switch', 'koraidon', 65.0), ('switch', 'arceusghost', 65.0), ('switch', 'zaciancrowned', 35.0), ('move', 'waterfall', 30.0)]",switch:eternatus,255.0,False
battle-gen9ubers-10399,6,eternatus,1.0,,ogerponwellspring,1.0,,general_scoring,"[('move', 'sludgebomb', 270.0), ('move', 'dynamaxcannon', 150.0), ('move', 'meteorbeam', 120.0), ('move', 'fireblast', 110.0), ('switch', 'koraidon', 65.0), ('switch', 'arceusghost', 65.0), ('switch', 'zaciancrowned', 35.0), ('switch', 'kyogre', -60.0)]",move:sludgebomb,270.0,True
battle-gen9ubers-10399,7,eternatus,1.0,,darkrai,1.0,,general_scoring,"[('switch', 'zaciancrowned', 185.0), ('move', 'dynamaxcannon', 150.0), ('move', 'sludgebomb', 135.0), ('move', 'meteorbeam', 120.0), ('move', 'fireblast', 110.0), ('switch', 'koraidon', 65.0), ('switch', 'kyogre', 35.0), ('switch', 'arceusghost', 15.0)]",switch:zaciancrowned,185.0,False
battle-gen9ubers-10399,8,zaciancrowned,0.7384615384615385,,darkrai,1.0,,general_scoring,"[('move', 'closecombat', 240.0), ('move', 'behemothblade', 150.0), ('move', 'swordsdance', 110.0), ('move', 'wildcharge', 90.0), ('switch', 'koraidon', 65.0), ('switch', 'eternatus', 65.0), ('switch', 'kyogre', 35.0), ('switch', 'arceusghost', 15.0)]",move:closecombat,240.0,True
battle-gen9ubers-10399,9,zaciancrowned,0.5969230769230769,,moltres,1.0,,general_scoring,"[('switch', 'eternatus', 435.0), ('switch', 'arceusghost', 235.0), ('move', 'wildcharge', 180.0), ('switch', 'kyogre', 155.0), ('move', 'swordsdance', 110.0), ('move', 'behemothblade', 75.0), ('move', 'closecombat', 60.0), ('switch', 'koraidon', -26.25)]",switch:eternatus,435.0,True
battle-gen9ubers-10399,10,eternatus,0.7268408551068883,,moltres,1.0,,hard_ko,[],move:meteorbeam,,True
battle-gen9ubers-10399,11,eternatus,0.7268408551068883,,garganacl,1.0,,general_scoring,"[('switch', 'zaciancrowned', 245.0), ('switch', 'kyogre', 155.0), ('move', 'dynamaxcannon', 150.0), ('move', 'meteorbeam', 120.0), ('switch', 'arceusghost', 75.0), ('move', 'sludgebomb', 67.5), ('switch', 'koraidon', 63.75), ('move', 'fireblast', 55.0)]",switch:zaciancrowned,245.0,True
battle-gen9ubers-10399,12,zaciancrowned,0.15692307692307692,,garganacl,1.0,,general_scoring,"[('move', 'behemothblade', 300.0), ('move', 'closecombat', 240.0), ('switch', 'kyogre', 155.0), ('move', 'swordsdance', 110.0), ('move', 'wildcharge', 90.0), ('switch', 'arceusghost', 75.0), ('switch', 'eternatus', 65.0), ('switch', 'koraidon', 63.75)]",move:behemothblade,300.0,True
battle-gen9ubers-10399,12,zaciancrowned,0,FNT,garganacl,0.29,,forced_switch,[],switch:kyogre,,True
battle-gen9ubers-10399,13,kyogre,0.24468085106382978,,garganacl,0.29,,hard_ko,[],move:waterfall,,True
battle-gen9ubers-10399,14,kyogre,0.24468085106382978,,dragonite,1.0,,general_scoring,"[('switch', 'eternatus', 195.0), ('switch', 'koraidon', 92.5), ('switch', 'arceusghost', 75.0), ('move', 'waterfall', 60.0)]",switch:eternatus,195.0,False
battle-gen9ubers-10399,14,eternatus,0,FNT,dragonite,1.0,,forced_switch,[],switch:koraidon,,True
battle-gen9ubers-10399,15,koraidon,0.8768328445747801,,dragonite,1.0,,general_scoring,"[('move', 'scaleshot', 237.5), ('move', 'swordsdance', 110.0), ('switch', 'arceusghost', 75.0), ('move', 'flareblitz', 60.0), ('move', 'taunt', 10.0), ('switch', 'kyogre', 0.0)]",move:scaleshot,237.5,True
battle-gen9ubers-10400,1,ribombee,1.0,,zarudedada,1.0,,ribombee_opening,[],move:stickyweb,,True
battle-gen9ubers-10400,2,ribombee,1.0,,clodsire,1.0,,ribombee_opening,[],move:uturn,,True
battle-gen9ubers-10400,2,ribombee,1.0,,clodsire,0.93,,forced_switch,[],switch:kyogre,,True
battle-gen9ubers-10400,3,kyogre,1.0,,clodsire,0.93,,general_scoring,"[('move', 'waterfall', 240.0), ('move', 'earthquake', 200.0), ('move', 'bodyslam', 85.0), ('move', 'terablast', 80.0), ('switch', 'arceusghost', 65.0), ('switch', 'koraidon', 35.0), ('switch', 'zaciancrowned', 5.0), ('switch', 'eternatus', 5.0), ('switch', 'ribombee', -73.75)]",move:waterfall,240.0,True
battle-gen9ubers-10400,4,kyogre,0.7207446808510638,,clodsire,1.0,,general_scoring,"[('move', 'waterfall', 240.0), ('switch', 'arceusghost', 65.0), ('switch', 'koraidon', 35.0), ('switch', 'zaciancrowned', 5.0), ('switch', 'eternatus', 5.0), ('switch', 'ribombee', -73.75)]",move:waterfall,240.0,True
battle-gen9ubers-10400,5,kyogre,0.2978723404255319,,clodsire,1.0,,general_scoring,"[('move', 'waterfall', 240.0), ('switch', 'arceusghost', 65.0), ('switch', 'koraidon', 35.0), ('switch', 'zaciancrowned', 5.0), ('switch', 'eternatus', 5.0), ('switch', 'ribombee', -73.75)]",move:waterfall,240.0,True
battle-gen9ubers-10400,6,kyogre,0.05053191489361702,,clodsire,1.0,,general_scoring,"[('move', 'waterfall', 240.0), ('switch', 'arceusghost', 65.0), ('switch', 'koraidon', 35.0), ('switch', 'zaciancrowned', 5.0), ('switch', 'eternatus', 5.0), ('switch', 'ribombee', -73.75)]",move:waterfall,240.0,True
battle-gen9ubers-10400,6,kyogre,0,FNT,clodsire,1.0,,forced_switch,[],switch:arceusghost,,True
battle-gen9ubers-10400,7,arceusghost,0.8756218905472637,,clodsire,1.0,,general_scoring,"[('move', 'judgment', 150.0), ('move', 'calmmind', 110.0), ('move', 'aurasphere', 40.0), ('move', 'powergem', 40.0), ('switch', 'koraidon', 35.0), ('switch', 'zaciancrowned', 5.0), ('switch', 'eternatus', 5.0), ('switch', 'ribombee', -73.75)]",move:judgment,150.0,True
battle-gen9ubers-10400,8,arceusghost,0.6791044776119403,,clodsire,0.67,,general_scoring,"[('move', 'judgment', 150.0), ('move', 'calmmind', 110.0), ('move', 'aurasphere', 40.0), ('move', 'powergem', 40.0), ('switch', 'koraidon', 35.0), ('switch', 'zaciancrowned', 5.0), ('switch', 'eternatus', 5.0), ('switch', 'ribombee', -73.75)]",move:judgment,150.0,True
battle-gen9ubers-10400,9,arceusghost,0.46766169154228854,,clodsire,0.28,,hard_ko,[],move:judgment,,True
battle-gen9ubers-10400,10,arceusghost,0.46766169154228854,,zarudedada,1.0,,general_scoring,"[('switch', 'ribombee', 405.0), ('switch', 'koraidon', 185.0), ('switch', 'zaciancrowned', 185.0), ('switch', 'eternatus', 185.0), ('move', 'aurasphere', 160.0), ('move', 'powergem', 80.0), ('move', 'judgment', 75.0), ('move', 'calmmind', 0.0)]",switch:ribombee,405.0,False
battle-gen9ubers-10400,11,ribombee,0.3716475095785441,,zarudedada,1.0,,hard_ko,[],move:uturn,,True
battle-gen9ubers-10400,11,ribombee,0.20689655172413793,,cobalion,0.98,,forced_switch,[],switch:koraidon,,True
battle-gen9ubers-10400,12,koraidon,0.8768328445747801,,cobalion,0.98,,general_scoring,"[('move', 'flareblitz', 240.0), ('switch', 'zaciancrowned', 155.0), ('switch', 'eternatus', 135.0), ('move', 'swordsdance', 110.0), ('switch', 'arceusghost', 75.0), ('move', 'scaleshot', 59.375), ('move', 'taunt', 10.0), ('switch', 'ribombee', -2.5)]",move:flareblitz,240.0,True
battle-gen9ubers-10400,13,koraidon,0.3782991202346041,,tornadustherian,1.0,,general_scoring,"[('switch', 'eternatus', 195.0), ('switch', 'zaciancrowned', 125.0), ('move', 'flareblitz', 120.0), ('move', 'scaleshot', 118.75), ('move', 'swordsdance', 110.0), ('switch', 'arceusghost', 75.0), ('move', 'taunt', 10.0), ('switch', 'ribombee', -2.5)]",switch:eternatus,195.0,True
battle-gen9ubers-10400,14,eternatus,0.5320665083135392,,tornadustherian,1.0,,general_scoring,"[('move', 'meteorbeam', 240.0), ('move', 'dynamaxcannon', 150.0), ('move', 'sludgebomb', 135.0), ('switch', 'zaciancrowned', 125.0), ('move', 'fireblast', 110.0), ('switch', 'arceusghost', 75.0), ('switch', 'ribombee', -2.5), ('switch', 'koraidon', -25.0)]",move:meteorbeam,240.0,False
battle-gen9ubers-10400,15,eternatus,0.166270783847981,,metagross,1.0,,general_scoring,"[('switch', 'arceusghost', 255.0), ('move', 'fireblast', 220.0), ('switch', 'koraidon', 95.0), ('move', 'dynamaxcannon', 75.0), ('move', 'meteorbeam', 60.0), ('switch', 'zaciancrowned', 35.0), ('move', 'sludgebomb', 0.0), ('switch', 'ribombee', -40.0)]",switch:arceusghost,255.0,True
battle-gen9ubers-10400,15,arceusghost,0,FNT,metagross,1.0,,forced_switch,[],switch:koraidon,,True
battle-gen9ubers-10400,16,koraidon,0.25513196480938416,,metagross,1.0,,general_scoring,"[('move', 'flareblitz', 240.0), ('move', 'swordsdance', 110.0), ('switch', 'eternatus', 75.0), ('move', 'scaleshot', 59.375), ('switch', 'zaciancrowned', 35.0), ('move', 'taunt', 10.0), ('switch', 'ribombee', -40.0)]",move:flareblitz,240.0,True
battle-gen9ubers-10400,16,koraidon,0,FNT,metagross,0,FNT,forced_switch,[],switch:eternatus,,True
battle-gen9ubers-10400,17,eternatus,0.04275534441805225,,rotomwash,1.0,,general_scoring,"[('move', 'dynamaxcannon', 150.0), ('move', 'sludgebomb', 135.0), ('move', 'meteorbeam', 120.0), ('switch', 'ribombee', 57.5), ('move', 'fireblast', 55.0), ('switch', 'zaciancrowned', 35.0)]",move:dynamaxcannon,150.0,True
battle-gen9ubers-10400,17,eternatus,0,FNT,rotomwash,0.49,,forced_switch,[],switch:ribombee,,True
battle-gen9ubers-10400,18,ribombee,0.0842911877394636,,rotomwash,0.49,,general_scoring,"[('move', 'moonblast', 142.5), ('move', 'uturn', 105.0), ('switch', 'zaciancrowned', 35.0), ('move', 'stunspore', 30.0), ('move', 'stickyweb', 10.0)]",move:moonblast,142.5,True
battle-gen9ubers-10400,19,ribombee,0.0842911877394636,,rotomwash,0.18,,hard_ko,[],move:moonblast,,True
battle-gen9ubers-10400,20,ribombee,0.0842911877394636,,zarudedada,1.0,,hard_ko,[],move:uturn,,True
battle-gen9ubers-10400,20,ribombee,0.0842911877394636,,zarudedada,0.53,,forced_switch,[],switch:zaciancrowned,,True
battle-gen9ubers-10400,21,zaciancrowned,0.8769230769230769,,zarudedada,0.53,,hard_ko,[],move:closecombat,,True
battle-gen9ubers-10401,1,ribombee,1.0,,tornadustherian,1.0,,ribombee_opening,[],move:stickyweb,,True
battle-gen9ubers-10401,2,ribombee,0.0038314176245210726,,tornadustherian,1.0,,ribombee_opening,[],move:uturn,,True
battle-gen9ubers-10401,2,ribombee,0.0038314176245210726,,tornadustherian,0.92,,forced_switch,[],switch:eternatus,,True
battle-gen9ubers-10401,3,eternatus,0.6057007125890737,,tornadustherian,0.92,,general_scoring,"[('move', 'meteorbeam', 240.0), ('move', 'dynamaxcannon', 150.0), ('move', 'sludgebomb', 135.0), ('switch', 'zaciancrowned', 125.0), ('move', 'fireblast', 110.0), ('switch', 'arceusghost', 75.0), ('switch', 'kyogre', 35.0), ('switch', 'ribombee', -2.5), ('switch', 'koraidon', -25.0)]",move:meteorbeam,240.0,False
battle-gen9ubers-10401,4,eternatus,0.2327790973871734,,metagross,1.0,,general_scoring,"[('switch', 'arceusghost', 255.0), ('move', 'fireblast', 220.0), ('switch', 'kyogre', 115.0), ('switch', 'koraidon', 95.0), ('move', 'dynamaxcannon', 75.0), ('move', 'meteorbeam', 60.0), ('switch', 'zaciancrowned', 35.0), ('move', 'sludgebomb', 0.0), ('switch', 'ribombee', -40.0)]",switch:arceusghost,255.0,True
battle-gen9ubers-10401,5,arceusghost,0.4975124378109453,,metagross,1.0,,general_scoring,"[('move', 'judgment', 300.0), ('switch', 'kyogre', 115.0), ('move', 'calmmind', 110.0), ('switch', 'koraidon', 95.0), ('move', 'aurasphere', 80.0), ('switch', 'eternatus', 75.0), ('move', 'powergem', 40.0), ('switch', 'zaciancrowned', 35.0), ('switch', 'ribombee', -40.0)]",move:judgment,300.0,True
battle-gen9ubers-10401,6,arceusghost,0.4975124378109453,,zarudedada,1.0,,general_scoring,"[('switch', 'ribombee', 405.0), ('switch', 'koraidon', 185.0), ('switch', 'eternatus', 185.0), ('switch', 'zaciancrowned', 185.0), ('move', 'aurasphere', 160.0), ('move', 'powergem', 80.0), ('move', 'judgment', 75.0), ('move', 'calmmind', 0.0), ('switch', 'kyogre', -60.0)]",switch:ribombee,405.0,False
battle-gen9ubers-10401,6,ribombee,0,FNT,zarudedada,1.0,,forced_switch,[],switch:koraidon,,True
battle-gen9ubers-10401,7,koraidon,1.0,,zarudedada,1.0,,general_scoring,"[('move', 'flareblitz', 240.0), ('switch', 'eternatus', 185.0), ('switch', 'zaciancrowned', 185.0), ('move', 'scaleshot', 118.75), ('move', 'swordsdance', 110.0), ('switch', 'arceusghost', 15.0), ('move', 'taunt', 10.0), ('switch', 'kyogre', -60.0)]",move:flareblitz,240.0,True
battle-gen9ubers-10401,8,koraidon,0.6598240469208211,,clodsire,1.0,,general_scoring,"[('switch', 'kyogre', 195.0), ('move', 'flareblitz', 120.0), ('move', 'scaleshot', 118.75), ('move', 'swordsdance', 110.0), ('switch', 'arceusghost', 65.0), ('move', 'taunt', 10.0), ('switch', 'eternatus', 5.0), ('switch', 'zaciancrowned', 5.0)]",switch:kyogre,195.0,True
battle-gen9ubers-10401,9,kyogre,1.0,,clodsire,1.0,,general_scoring,"[('move', 'waterfall', 240.0), ('move', 'earthquake', 200.0), ('move', 'bodyslam', 85.0), ('move', 'terablast', 80.0), ('switch', 'arceusghost', 65.0), ('switch', 'koraidon', 35.0), ('switch', 'eternatus', 5.0), ('switch', 'zaciancrowned', 5.0)]",move:waterfall,240.0,True
battle-gen9ubers-10401,10,kyogre,0.7180851063829787,,clodsire,1.0,,general_scoring,"[('move', 'waterfall', 240.0), ('switch', 'arceusghost', 65.0), ('switch', 'koraidon', 35.0), ('switch', 'eternatus', 5.0), ('switch', 'zaciancrowned', 5.0)]",move:waterfall,240.0,True
battle-gen9ubers-10401,11,kyogre,0.4308510638297872,,clodsire,1.0,,general_scoring,"[('move', 'waterfall', 240.0), ('switch', 'arceusghost', 65.0), ('switch', 'koraidon', 35.0), ('switch', 'eternatus', 5.0), ('switch', 'zaciancrowned', 5.0)]",move:waterfall,240.0,True
battle-gen9ubers-10401,12,kyogre,0.1595744680851064,,clodsire,1.0,,general_scoring,"[('move', 'waterfall', 240.0), ('switch', 'arceusghost', 65.0), ('switch', 'koraidon', 35.0), ('switch', 'eternatus', 5.0), ('switch', 'zaciancrowned', 5.0)]",move:waterfall,240.0,True
battle-gen9ubers-10401,12,kyogre,0,FNT,clodsire,1.0,,forced_switch,[],switch:arceusghost,,True
battle-gen9ubers-10401,13,arceusghost,0.373134328358209,,clodsire,1.0,,general_scoring,"[('move', 'judgment', 150.0), ('move', 'calmmind', 110.0), ('move', 'aurasphere', 40.0), ('move', 'powergem', 40.0), ('switch', 'koraidon', 35.0), ('switch', 'eternatus', 5.0), ('switch', 'zaciancrowned', 5.0)]",move:judgment,150.0,True
battle-gen9ubers-10401,14,arceusghost,0.17164179104477612,,clodsire,0.67,,general_scoring,"[('move', 'judgment', 150.0), ('move', 'calmmind', 110.0), ('move', 'aurasphere', 40.0), ('move', 'powergem', 40.0), ('switch', 'koraidon', 35.0), ('switch', 'eternatus', 5.0), ('switch', 'zaciancrowned', 5.0)]",move:judgment,150.0,True
battle-gen9ubers-10401,14,arceusghost,0,FNT,clodsire,0.31,,forced_switch,[],switch:koraidon,,True
battle-gen9ubers-10401,15,koraidon,0.5366568914956011,,clodsire,0.31,,hard_ko,[],move_tera:flareblitz,,True
battle-gen9ubers-10401,16,koraidon,0.40175953079178883,,rotomwash,1.0,,general_scoring,"[('switch', 'eternatus', 135.0), ('move', 'swordsdance', 110.0), ('move', 'flareblitz', 90.0), ('move', 'scaleshot', 79.16666666666667), ('switch', 'zaciancrowned', 35.0), ('move', 'taunt', 10.0)]",switch:eternatus,135.0,True
battle-gen9ubers-10401,17,eternatus,0.030878859857482184,,rotomwash,1.0,,general_scoring,"[('move', 'dynamaxcannon', 150.0), ('move', 'sludgebomb', 135.0), ('move', 'meteorbeam', 120.0), ('move', 'fireblast', 55.0), ('switch', 'zaciancrowned', 35.0), ('switch', 'koraidon', -55.0)]",move:dynamaxcannon,150.0,True
battle-gen9ubers-10401,17,eternatus,0,FNT,rotomwash,0.57,,forced_switch,[],switch:zaciancrowned,,True
battle-gen9ubers-10401,18,zaciancrowned,0.8769230769230769,,rotomwash,0.57,,general_scoring,"[('move', 'closecombat', 120.0), ('move', 'swordsdance', 110.0), ('move', 'wildcharge', 90.0), ('move', 'behemothblade', 37.5), ('switch', 'koraidon', -55.0)]",move:closecombat,120.0,True
battle-gen9ubers-10401,19,zaciancrowned,0.8769230769230769,,cobalion,1.0,,general_scoring,"[('switch', 'koraidon', 315.0), ('move', 'closecombat', 240.0), ('move', 'swordsdance', 110.0), ('move', 'wildcharge', 90.0), ('move', 'behemothblade', 75.0)]",switch:koraidon,315.0,True
battle-gen9ubers-10401,19,koraidon,0,FNT,cobalion,1.0,,forced_switch,[],switch:zaciancrowned,,True
battle-gen9ubers-10401,20,zaciancrowned,0.7538461538461538,,cobalion,1.0,,general_scoring,"[('move', 'closecombat', 240.0), ('move', 'swordsdance', 110.0), ('move', 'wildcharge', 90.0), ('move', 'behemothblade', 75.0)]",move:closecombat,240.0,True
battle-gen9ubers-10401,21,zaciancrowned,0.05846153846153846,,cobalion,0.38,,hard_ko,[],move:closecombat,,True
battle-gen9ubers-10402,1,ribombee,1.0,,zarudedada,1.0,,ribombee_opening,[],move:stickyweb,,True
battle-gen9ubers-10402,2,ribombee,1.0,,clodsire,1.0,,ribombee_opening,[],move:uturn,,True
battle-gen9ubers-10402,2,ribombee,1.0,,clodsire,0.94,,forced_switch,[],switch:kyogre,,True
battle-gen9ubers-10402,3,kyogre,1.0,,clodsire,0.94,,general_scoring,"[('move', 'waterfall', 240.0), ('move', 'earthquake', 200.0), ('move', 'bodyslam', 85.0), ('move', 'terablast', 80.0), ('switch', 'arceusghost', 65.0), ('switch', 'koraidon', 35.0), ('switch', 'zaciancrowned', 5.0), ('switch', 'eternatus', 5.0), ('switch', 'ribombee', -73.75)]",move:waterfall,240.0,True
battle-gen9ubers-10402,4,kyogre,0.7180851063829787,,clodsire,1.0,,general_scoring,"[('move', 'waterfall', 240.0), ('switch', 'arceusghost', 65.0), ('switch', 'koraidon', 35.0), ('switch', 'zaciancrowned', 5.0), ('switch', 'eternatus', 5.0), ('switch', 'ribombee', -73.75)]",move:waterfall,240.0,True
battle-gen9ubers-10402,5,kyogre,0.47074468085106386,,clodsire,1.0,,general_scoring,"[('move', 'waterfall', 240.0), ('switch', 'arceusghost', 65.0), ('switch', 'koraidon', 35.0), ('switch', 'zaciancrowned', 5.0), ('switch', 'eternatus', 5.0), ('switch', 'ribombee', -73.75)]",move:waterfall,240.0,True
battle-gen9ubers-10402,6,kyogre,0.2074468085106383,,clodsire,1.0,,general_scoring,"[('move', 'waterfall', 240.0), ('switch', 'arceusghost', 65.0), ('switch', 'koraidon', 35.0), ('switch', 'zaciancrowned', 5.0), ('switch', 'eternatus', 5.0), ('switch', 'ribombee', -73.75)]",move:waterfall,240.0,True
battle-gen9ubers-10402,6,kyogre,0,FNT,clodsire,1.0,,forced_switch,[],switch:arceusghost,,True
battle-gen9ubers-10402,7,arceusghost,0.8756218905472637,,clodsire,1.0,,general_scoring,"[('move', 'judgment', 150.0), ('move', 'calmmind', 110.0), ('move', 'aurasphere', 40.0), ('move', 'powergem', 40.0), ('switch', 'koraidon', 35.0), ('switch', 'zaciancrowned', 5.0), ('switch', 'eternatus', 5.0), ('switch', 'ribombee', -73.75)]",move:judgment,150.0,True
battle-gen9ubers-10402,8,arceusghost,0.6716417910447762,,clodsire,0.63,,general_scoring,"[('move', 'judgment', 150.0), ('move', 'calmmind', 110.0), ('move', 'aurasphere', 40.0), ('move', 'powergem', 40.0), ('switch', 'koraidon', 35.0), ('switch', 'zaciancrowned', 5.0), ('switch', 'eternatus', 5.0), ('switch', 'ribombee', -73.75)]",move:judgment,150.0,True
battle-gen9ubers-10402,9,arceusghost,0.46766169154228854,,clodsire,0.25,,hard_ko,[],move:judgment,,True
battle-gen9ubers-10402,10,arceusghost,0.46766169154228854,,zarudedada,1.0,,general_scoring,"[('switch', 'ribombee', 405.0), ('switch', 'koraidon', 185.0), ('switch', 'zaciancrowned', 185.0), ('switch', 'eternatus', 185.0), ('move', 'aurasphere', 160.0), ('move', 'powergem', 80.0), ('move', 'judgment', 75.0), ('move', 'calmmind', 0.0)]",switch:ribombee,405.0,False
battle-gen9ubers-10402,11,ribombee,0.41762452107279696,,zarudedada,1.0,,hard_ko,[],move:uturn,,True
battle-gen9ubers-10402,11,ribombee,0.25287356321839083,,cobalion,0.98,,forced_switch,[],switch:koraidon,,True
battle-gen9ubers-10402,12,koraidon,0.8768328445747801,,cobalion,0.98,,general_scoring,"[('move', 'flareblitz', 240.0), ('switch', 'zaciancrowned', 155.0), ('switch', 'eternatus', 135.0), ('move', 'swordsdance', 110.0), ('switch', 'arceusghost', 75.0), ('move', 'scaleshot', 59.375), ('move', 'taunt', 10.0), ('switch', 'ribombee', -2.5)]",move:flareblitz,240.0,True
battle-gen9ubers-10402,13,koraidon,0.3782991202346041,,tornadustherian,1.0,,general_scoring,"[('switch', 'eternatus', 195.0), ('switch', 'zaciancrowned', 125.0), ('move', 'flareblitz', 120.0), ('move', 'scaleshot', 118.75), ('move', 'swordsdance', 110.0), ('switch', 'arceusghost', 75.0), ('move', 'taunt', 10.0), ('switch', 'ribombee', -2.5)]",switch:eternatus,195.0,True
battle-gen9ubers-10402,14,eternatus,0.8764845605700713,,tornadustherian,1.0,,general_scoring,"[('move', 'meteorbeam', 240.0), ('move', 'dynamaxcannon', 150.0), ('move', 'sludgebomb', 135.0), ('switch', 'zaciancrowned', 125.0), ('move', 'fireblast', 110.0), ('switch', 'arceusghost', 75.0), ('switch', 'ribombee', -2.5), ('switch', 'koraidon', -25.0)]",move:meteorbeam,240.0,False
battle-gen9ubers-10402,15,eternatus,0.505938242280285,,metagross,1.0,,general_scoring,"[('switch', 'arceusghost', 255.0), ('move', 'fireblast', 220.0), ('switch', 'koraidon', 95.0), ('move', 'dynamaxcannon', 75.0), ('move', 'meteorbeam', 60.0), ('switch', 'zaciancrowned', 35.0), ('move', 'sludgebomb', 0.0), ('switch', 'ribombee', -40.0)]",switch:arceusghost,255.0,True
battle-gen9ubers-10402,15,arceusghost,0,FNT,metagross,1.0,,forced_switch,[],switch:koraidon,,True
battle-gen9ubers-10402,16,koraidon,0.25513196480938416,,metagross,1.0,,general_scoring,"[('move', 'flareblitz', 240.0), ('move', 'swordsdance', 110.0), ('switch', 'eternatus', 75.0), ('move', 'scaleshot', 59.375), ('switch', 'zaciancrowned', 35.0), ('move', 'taunt', 10.0), ('switch', 'ribombee', -40.0)]",move:flareblitz,240.0,True
battle-gen9ubers-10402,16,koraidon,0,FNT,metagross,0,FNT,forced_switch,[],switch:eternatus,,True
battle-gen9ubers-10402,17,eternatus,0.3824228028503563,,rotomwash,1.0,,general_scoring,"[('move', 'dynamaxcannon', 150.0), ('move', 'sludgebomb', 135.0), ('move', 'meteorbeam', 120.0), ('switch', 'ribombee', 57.5), ('move', 'fireblast', 55.0), ('switch', 'zaciancrowned', 35.0)]",move:dynamaxcannon,150.0,True
battle-gen9ubers-10402,18,eternatus,0.30403800475059384,,rotomwash,0.57,,general_scoring,"[('move', 'dynamaxcannon', 150.0), ('move', 'sludgebomb', 135.0), ('move', 'meteorbeam', 120.0), ('switch', 'ribombee', 57.5), ('move', 'fireblast', 55.0), ('switch', 'zaciancrowned', 35.0)]",move:dynamaxcannon,150.0,True
battle-gen9ubers-10402,19,eternatus,0.21852731591448932,,rotomwash,0.09,,hard_ko,[],move:dynamaxcannon,,True
battle-gen9ubers-10402,20,eternatus,0.21852731591448932,,zarudedada,1.0,,general_scoring,"[('switch', 'ribombee', 405.0), ('move', 'sludgebomb', 270.0), ('move', 'fireblast', 220.0), ('switch', 'zaciancrowned', 185.0), ('move', 'dynamaxcannon', 150.0), ('move', 'meteorbeam', 120.0)]",switch:ribombee,405.0,True
battle-gen9ubers-10402,20,ribombee,0,FNT,zarudedada,1.0,,forced_switch,[],switch:eternatus,,True
battle-gen9ubers-10402,21,eternatus,0.09501187648456057,,zarudedada,1.0,,general_scoring,"[('move', 'sludgebomb', 270.0), ('move', 'fireblast', 220.0), ('switch', 'zaciancrowned', 185.0), ('move', 'dynamaxcannon', 150.0), ('move', 'meteorbeam', 120.0)]",move:sludgebomb,270.0,True
battle-gen9ubers-10403,1,ribombee,1.0,,krookodile,1.0,,ribombee_opening,[],move:stickyweb,,True
battle-gen9ubers-10403,2,ribombee,0.632183908045977,,krookodile,1.0,,ribombee_opening,[],move:stunspore,,True
battle-gen9ubers-10403,3,ribombee,0.24904214559386972,,krookodile,1.0,PAR,general_scoring,"[('move', 'moonblast', 285.0), ('move', 'uturn', 210.0), ('switch', 'kyogre', 155.0), ('switch', 'zaciancrowned', 95.0), ('switch', 'koraidon', 35.0), ('switch', 'arceusghost', 15.0), ('move', 'stunspore', 10.0), ('move', 'stickyweb', 10.0), ('switch', 'eternatus', 5.0)]",move:moonblast,285.0,True
battle-gen9ubers-10403,3,ribombee,0,FNT,krookodile,0.32,PAR,forced_switch,[],switch:kyogre,,True
battle-gen9ubers-10403,4,kyogre,1.0,,krookodile,0.32,PAR,hard_ko,[],move:waterfall,,True
battle-gen9ubers-10403,5,kyogre,1.0,,cyclizar,1.0,,general_scoring,"[('switch', 'zaciancrowned', 185.0), ('switch', 'eternatus', 155.0), ('switch', 'koraidon', 92.5), ('switch', 'arceusghost', 75.0), ('move', 'waterfall', 60.0)]",switch:zaciancrowned,185.0,False
battle-gen9ubers-10403,6,zaciancrowned,0.92,,cyclizar,1.0,,general_scoring,"[('move', 'closecombat', 240.0), ('switch', 'eternatus', 155.0), ('move', 'behemothblade', 150.0), ('move', 'swordsdance', 110.0), ('switch', 'koraidon', 92.5), ('switch', 'arceusghost', 75.0), ('move', 'wildcharge', 45.0), ('switch', 'kyogre', 15.0)]",move:closecombat,240.0,True
battle-gen9ubers-10403,7,zaciancrowned,0.92,,rotomheat,1.0,,general_scoring,"[('switch', 'kyogre', 295.0), ('switch', 'eternatus', 185.0), ('move', 'closecombat', 120.0), ('move', 'swordsdance', 110.0), ('switch', 'arceusghost', 75.0), ('switch', 'koraidon', 63.75), ('move', 'wildcharge', 45.0), ('move', 'behemothblade', 37.5)]",switch:kyogre,295.0,True
battle-gen9ubers-10403,8,kyogre,1.0,,rotomheat,1.0,,hard_ko,[],move:earthquake,,False
battle-gen9ubers-10403,9,kyogre,0.6595744680851063,,slowbro,0.75,,general_scoring,"[('switch', 'arceusghost', 255.0), ('move', 'earthquake', 100.0), ('switch', 'zaciancrowned', 95.0), ('switch', 'eternatus', 5.0), ('switch', 'koraidon', -26.25)]",switch:arceusghost,255.0,True
battle-gen9ubers-10403,10,arceusghost,1.0,,slowbro,0.75,,hard_ko,[],move:judgment,,True
battle-gen9ubers-10403,11,arceusghost,1.0,,zapdosgalar,1.0,,general_scoring,"[('move', 'judgment', 150.0), ('move', 'calmmind', 110.0), ('switch', 'zaciancrowned', 95.0), ('move', 'powergem', 80.0), ('switch', 'eternatus', 65.0), ('move', 'aurasphere', 40.0), ('switch', 'kyogre', 35.0), ('switch', 'koraidon', -25.0)]",move:judgment,150.0,False
battle-gen9ubers-10403,12,arceusghost,0.19900497512437812,,zapdosgalar,0.02,,hard_ko,[],move:judgment,,False
battle-gen9ubers-10403,12,arceusghost,0,FNT,zapdosgalar,0,FNT,forced_switch,[],switch:zaciancrowned,,False
battle-gen9ubers-10403,13,zaciancrowned,0.92,,rotomheat,1.0,,general_scoring,"[('switch', 'kyogre', 295.0), ('switch', 'eternatus', 185.0), ('move', 'closecombat', 120.0), ('switch', 'koraidon', 63.75), ('move', 'wildcharge', 45.0), ('move', 'behemothblade', 37.5), ('move', 'swordsdance', 0.0)]",switch:kyogre,295.0,True
battle-gen9ubers-10403,14,kyogre,0.5851063829787234,,rotomheat,1.0,,hard_ko,[],move:earthquake,,False
battle-gen9ubers-10403,15,kyogre,0.42021276595744683,,jirachi,0.11,,hard_ko,[],move:earthquake,,False
battle-gen9ubers-10403,16,kyogre,0.047872340425531915,,rotomheat,1.0,,hard_ko,[],move:earthquake,,False
battle-gen9ubers-10403,16,kyogre,0,FNT,rotomheat,1.0,,forced_switch,[],switch:eternatus,,False
battle-gen9ubers-10403,17,eternatus,1.0,,rotomheat,1.0,,general_scoring,"[('move', 'meteorbeam', 240.0), ('move', 'dynamaxcannon', 150.0), ('move', 'sludgebomb', 135.0), ('switch', 'koraidon', 63.75), ('move', 'fireblast', 55.0), ('switch', 'zaciancrowned', -25.0)]",move:meteorbeam,240.0,True
battle-gen9ubers-10404,1,ribombee,1.0,,rotomheat,1.0,,ribombee_opening,[],move:stickyweb,,True
battle-gen9ubers-10404,2,ribombee,0.0038314176245210726,,rotomheat,1.0,,ribombee_opening,[],move:uturn,,True
battle-gen9ubers-10404,2,ribombee,0.0038314176245210726,,rotomheat,0.94,,forced_switch,[],switch:kyogre,,True
battle-gen9ubers-10404,3,kyogre,0.9654255319148937,,rotomheat,0.94,,hard_ko,[],move:earthquake,,False
battle-gen9ubers-10404,4,kyogre,0.9654255319148937,,cyclizar,0.34,,general_scoring,"[('switch', 'ribombee', 240.0), ('switch', 'zaciancrowned', 185.0), ('switch', 'eternatus', 155.0), ('move', 'earthquake', 100.0), ('switch', 'koraidon', 92.5), ('switch', 'arceusghost', 75.0)]",switch:ribombee,240.0,False
battle-gen9ubers-10404,4,ribombee,0,FNT,cyclizar,0.34,,forced_switch,[],switch:zaciancrowned,,True
battle-gen9ubers-10404,5,zaciancrowned,1.0,,cyclizar,0.34,,hard_ko,[],move:closecombat,,True
battle-gen9ubers-10404,6,zaciancrowned,1.0,,rotomheat,0.94,,general_scoring,"[('switch', 'kyogre', 295.0), ('switch', 'eternatus', 185.0), ('move', 'closecombat', 120.0), ('switch', 'arceusghost', 75.0), ('switch', 'koraidon', 63.75), ('move', 'wildcharge', 45.0), ('move', 'behemothblade', 37.5), ('move', 'swordsdance', 0.0)]",switch:kyogre,295.0,True
battle-gen9ubers-10404,7,kyogre,0.8936170212765957,,rotomheat,0.94,,hard_ko,[],move:earthquake,,False
battle-gen9ubers-10404,8,kyogre,0.7180851063829787,,slowbro,0.73,,general_scoring,"[('switch', 'arceusghost', 255.0), ('move', 'earthquake', 100.0), ('switch', 'zaciancrowned', 95.0), ('switch', 'eternatus', 5.0), ('switch', 'koraidon', -26.25)]",switch:arceusghost,255.0,True
battle-gen9ubers-10404,9,arceusghost,1.0,,slowbro,0.73,,hard_ko,[],move:judgment,,True
battle-gen9ubers-10404,10,arceusghost,1.0,,krookodile,1.0,,general_scoring,"[('move', 'aurasphere', 160.0), ('switch', 'kyogre', 155.0), ('move', 'calmmind', 110.0), ('switch', 'zaciancrowned', 95.0), ('move', 'judgment', 75.0), ('move', 'powergem', 40.0), ('switch', 'koraidon', 35.0), ('switch', 'eternatus', 5.0)]",move:aurasphere,160.0,True
battle-gen9ubers-10404,11,arceusghost,0.3034825870646766,,krookodile,0.28,,hard_ko,[],move:aurasphere,,True
battle-gen9ubers-10404,12,arceusghost,0.3034825870646766,,zapdosgalar,1.0,,general_scoring,"[('move', 'judgment', 150.0), ('move', 'calmmind', 110.0), ('switch', 'zaciancrowned', 95.0), ('move', 'powergem', 80.0), ('switch', 'eternatus', 65.0), ('move', 'aurasphere', 40.0), ('switch', 'kyogre', 35.0), ('switch', 'koraidon', -25.0)]",move:judgment,150.0,False
battle-gen9ubers-10404,12,arceusghost,0,FNT,zapdosgalar,0.88,,forced_switch,[],switch:zaciancrowned,,False
battle-gen9ubers-10404,13,zaciancrowned,1.0,,zapdosgalar,0.88,,general_scoring,"[('move', 'wildcharge', 180.0), ('move', 'behemothblade', 150.0), ('move', 'swordsdance', 110.0), ('switch', 'eternatus', 65.0), ('move', 'closecombat', 60.0), ('switch', 'kyogre', 35.0), ('switch', 'koraidon', -25.0)]",move:wildcharge,180.0,True
battle-gen9ubers-10404,14,zaciancrowned,0.5138461538461538,,rotomheat,0.94,,general_scoring,"[('switch', 'kyogre', 295.0), ('switch', 'eternatus', 185.0), ('move', 'closecombat', 120.0), ('switch', 'koraidon', 63.75), ('move', 'wildcharge', 45.0), ('move', 'behemothblade', 37.5), ('move', 'swordsdance', 0.0)]",switch:kyogre,295.0,True
battle-gen9ubers-10404,15,kyogre,0.7180851063829787,,rotomheat,0.94,,hard_ko,[],move:earthquake,,False
battle-gen9ubers-10404,16,kyogre,0.4095744680851064,,jirachi,0.1,,hard_ko,[],move:earthquake,,False
battle-gen9ubers-10404,17,kyogre,0.05851063829787234,,rotomheat,0.94,,hard_ko,[],move:earthquake,,False
battle-gen9ubers-10404,17,kyogre,0,FNT,rotomheat,0.94,,forced_switch,[],switch:eternatus,,False
battle-gen9ubers-10404,18,eternatus,1.0,,rotomheat,0.94,,general_scoring,"[('move', 'meteorbeam', 240.0), ('move', 'dynamaxcannon', 150.0), ('move', 'sludgebomb', 135.0), ('switch', 'koraidon', 63.75), ('move', 'fireblast', 55.0), ('switch', 'zaciancrowned', -25.0)]",move:meteorbeam,240.0,True
battle-gen9ubers-10405,1,ribombee,1.0,,slowbro,1.0,,ribombee_opening,[],move:stickyweb,,True
battle-gen9ubers-10405,2,ribombee,1.0,,slowbro,1.0,,ribombee_opening,[],move:stunspore,,True
battle-gen9ubers-10405,3,ribombee,1.0,,slowbro,1.0,,general_scoring,"[('switch', 'arceusghost', 255.0), ('move', 'uturn', 210.0), ('move', 'moonblast', 142.5), ('switch', 'zaciancrowned', 95.0), ('move', 'stunspore', 30.0), ('switch', 'kyogre', 15.0), ('move', 'stickyweb', 10.0), ('switch', 'eternatus', 5.0), ('switch', 'koraidon', -26.25)]",switch:arceusghost,255.0,True
battle-gen9ubers-10405,4,arceusghost,0.6990049751243781,,slowbro,1.0,,general_scoring,"[('move', 'judgment', 300.0), ('switch', 'ribombee', 125.0), ('move', 'calmmind', 110.0), ('switch', 'zaciancrowned', 95.0), ('move', 'powergem', 80.0), ('move', 'aurasphere', 40.0), ('switch', 'kyogre', 15.0), ('switch', 'eternatus', 5.0), ('switch', 'koraidon', -26.25)]",move:judgment,300.0,True
battle-gen9ubers-10405,5,arceusghost,0.6990049751243781,,krookodile,1.0,,general_scoring,"[('switch', 'ribombee', 270.0), ('move', 'aurasphere', 160.0), ('switch', 'kyogre', 155.0), ('move', 'calmmind', 110.0), ('switch', 'zaciancrowned', 95.0), ('move', 'judgment', 75.0), ('move', 'powergem', 40.0), ('switch', 'koraidon', 35.0), ('switch', 'eternatus', 5.0)]",switch:ribombee,270.0,True
battle-gen9ubers-10405,6,ribombee,0.6513409961685823,,krookodile,1.0,,general_scoring,"[('move', 'moonblast', 285.0), ('move', 'uturn', 210.0), ('switch', 'kyogre', 155.0), ('switch', 'zaciancrowned', 95.0), ('switch', 'koraidon', 35.0), ('move', 'stunspore', 30.0), ('switch', 'arceusghost', 15.0), ('move', 'stickyweb', 10.0), ('switch', 'eternatus', 5.0)]",move:moonblast,285.0,True
battle-gen9ubers-10405,7,ribombee,0.2835249042145594,,krookodile,0.27,,hard_ko,[],move:moonblast,,True
battle-gen9ubers-10405,8,ribombee,0.2835249042145594,,rotomheat,1.0,,general_scoring,"[('switch', 'kyogre', 295.0), ('switch', 'eternatus', 185.0), ('switch', 'arceusghost', 75.0), ('move', 'moonblast', 71.25), ('switch', 'koraidon', 63.75), ('move', 'uturn', 52.5), ('move', 'stunspore', 30.0), ('move', 'stickyweb', 10.0), ('switch', 'zaciancrowned', -25.0)]",switch:kyogre,295.0,True
battle-gen9ubers-10405,9,kyogre,0.9228723404255319,,rotomheat,1.0,,hard_ko,[],move:earthquake,,False
battle-gen9ubers-10405,10,kyogre,0.7473404255319149,,cyclizar,0.28,,general_scoring,"[('switch', 'ribombee', 240.0), ('switch', 'zaciancrowned', 185.0), ('switch', 'eternatus', 155.0), ('move', 'earthquake', 100.0), ('switch', 'koraidon', 92.5), ('switch', 'arceusghost', 75.0)]",switch:ribombee,240.0,False
battle-gen9ubers-10405,10,ribombee,0,FNT,cyclizar,0.28,,forced_switch,[],switch:zaciancrowned,,True
battle-gen9ubers-10405,11,zaciancrowned,1.0,,cyclizar,0.28,,hard_ko,[],move:closecombat,,True
battle-gen9ubers-10405,12,zaciancrowned,1.0,,rotomheat,1.0,,general_scoring,"[('switch', 'kyogre', 295.0), ('switch', 'eternatus', 185.0), ('move', 'closecombat', 120.0), ('switch', 'arceusghost', 75.0), ('switch', 'koraidon', 63.75), ('move', 'wildcharge', 45.0), ('move', 'behemothblade', 37.5), ('move', 'swordsdance', 0.0)]",switch:kyogre,295.0,True
battle-gen9ubers-10405,13,kyogre,0.6675531914893617,,rotomheat,1.0,,hard_ko,[],move:earthquake,,False
battle-gen9ubers-10405,14,kyogre,0.4920212765957447,,zapdosgalar,1.0,,general_scoring,"[('switch', 'zaciancrowned', 95.0), ('switch', 'arceusghost', 65.0), ('switch', 'eternatus', 65.0), ('move', 'earthquake', 0.0), ('switch', 'koraidon', -25.0)]",switch:zaciancrowned,95.0,False
battle-gen9ubers-10405,15,zaciancrowned,0.48,,zapdosgalar,1.0,,general_scoring,"[('move', 'wildcharge', 180.0), ('move', 'behemothblade', 150.0), ('move', 'swordsdance', 110.0), ('switch', 'arceusghost', 65.0), ('switch', 'eternatus', 65.0), ('move', 'closecombat', 60.0), ('switch', 'kyogre', 35.0), ('switch', 'koraidon', -25.0)]",move:wildcharge,180.0,True
battle-gen9ubers-10405,15,zaciancrowned,0,FNT,zapdosgalar,1.0,,forced_switch,[],switch:arceusghost,,True
battle-gen9ubers-10405,16,arceusghost,0.6990049751243781,,zapdosgalar,1.0,,general_scoring,"[('move', 'judgment', 150.0), ('move', 'calmmind', 110.0), ('move', 'powergem', 80.0), ('switch', 'eternatus', 65.0), ('move', 'aurasphere', 40.0), ('switch', 'kyogre', 35.0), ('switch', 'koraidon', -25.0)]",move:judgment,150.0,False
battle-gen9ubers-10405,17,arceusghost,0.6990049751243781,,rotomheat,1.0,,general_scoring,"[('switch', 'kyogre', 295.0), ('switch', 'eternatus', 185.0), ('move', 'powergem', 160.0), ('move', 'judgment', 150.0), ('move', 'calmmind', 110.0), ('move', 'aurasphere', 80.0), ('switch', 'koraidon', 63.75)]",switch:kyogre,295.0,True
battle-gen9ubers-10405,18,kyogre,0.4920212765957447,,rotomheat,1.0,,hard_ko,[],move:earthquake,,False
battle-gen9ubers-10405,19,kyogre,0.15159574468085107,,jirachi,0.19,,hard_ko,[],move:earthquake,,False
battle-gen9ubers-10405,19,kyogre,0,FNT,jirachi,0.25,,forced_switch,[],switch:arceusghost,,False
battle-gen9ubers-10405,20,arceusghost,0.6990049751243781,,jirachi,0.25,,hard_ko,[],move:judgment,,False
battle-gen9ubers-10405,21,arceusghost,0.4601990049751244,,rotomheat,1.0,,general_scoring,"[('switch', 'eternatus', 185.0), ('move', 'powergem', 160.0), ('move', 'judgment', 150.0), ('move', 'calmmind', 110.0), ('move', 'aurasphere', 80.0), ('switch', 'koraidon', 63.75)]",switch:eternatus,185.0,True
battle-gen9ubers-10405,22,eternatus,0.9002375296912114,,rotomheat,1.0,,general_scoring,"[('move', 'meteorbeam', 240.0), ('move', 'dynamaxcannon', 150.0), ('move', 'sludgebomb', 135.0), ('switch', 'arceusghost', 75.0), ('switch', 'koraidon', 63.75), ('move', 'fireblast', 55.0)]",move:meteorbeam,240.0,True
battle-gen9ubers-10406,1,ribombee,1.0,,bronzong,1.0,,ribombee_opening,[],move:stickyweb,,True
battle-gen9ubers-10406,2,ribombee,0.6206896551724138,,bronzong,1.0,,ribombee_opening,[],move:uturn,,True
battle-gen9ubers-10406,2,ribombee,0.6206896551724138,,bronzong,0.92,,forced_switch,[],switch:arceusghost,,True
battle-gen9ubers-10406,3,arceusghost,0.8432835820895522,,bronzong,0.98,,general_scoring,"[('move', 'judgment', 300.0), ('switch', 'kyogre', 115.0), ('move', 'calmmind', 110.0), ('switch', 'koraidon', 95.0), ('move', 'aurasphere', 80.0), ('switch', 'eternatus', 75.0), ('move', 'powergem', 40.0), ('switch', 'zaciancrowned', 35.0), ('switch', 'ribombee', -40.0)]",move:judgment,300.0,True
battle-gen9ubers-10406,4,arceusghost,0.8432835820895522,,mukalola,1.0,,general_scoring,"[('switch', 'kyogre', 155.0), ('move', 'calmmind', 110.0), ('switch', 'zaciancrowned', 95.0), ('move', 'aurasphere', 80.0), ('move', 'powergem', 80.0), ('move', 'judgment', 75.0), ('switch', 'eternatus', 65.0), ('switch', 'koraidon', 35.0), ('switch', 'ribombee', -2.5)]",switch:kyogre,155.0,True
battle-gen9ubers-10406,5,kyogre,0.6808510638297872,,mukalola,1.0,,general_scoring,"[('move', 'earthquake', 200.0), ('move', 'waterfall', 120.0), ('switch', 'zaciancrowned', 95.0), ('move', 'bodyslam', 85.0), ('move', 'terablast', 80.0), ('switch', 'eternatus', 65.0), ('switch', 'koraidon', 35.0), ('switch', 'ribombee', -2.5), ('switch', 'arceusghost', -65.0)]",move:earthquake,200.0,True
battle-gen9ubers-10406,6,kyogre,0.3776595744680851,,mukalola,0.36,,hard_ko,[],move:earthquake,,True
battle-gen9ubers-10406,7,kyogre,0.3776595744680851,,chesnaught,1.0,,general_scoring,"[('switch', 'ribombee', 270.0), ('switch', 'eternatus', 215.0), ('switch', 'koraidon', 155.0), ('move', 'bodyslam', 85.0), ('move', 'terablast', 80.0), ('switch', 'zaciancrowned', 65.0), ('switch', 'arceusghost', 65.0), ('move', 'waterfall', 60.0), ('move', 'earthquake', 50.0)]",switch:ribombee,270.0,True
battle-gen9ubers-10406,8,ribombee,0.6206896551724138,,chesnaught,1.0,,general_scoring,"[('move', 'moonblast', 285.0), ('switch', 'eternatus', 215.0), ('switch', 'koraidon', 155.0), ('move', 'uturn', 105.0), ('switch', 'zaciancrowned', 65.0), ('switch', 'arceusghost', 65.0), ('move', 'stunspore', 30.0), ('move', 'stickyweb', 10.0), ('switch', 'kyogre', -60.0)]",move:moonblast,285.0,True
battle-gen9ubers-10406,9,ribombee,0.3716475095785441,,chesnaught,0.12,,hard_ko,[],move:moonblast,,True
battle-gen9ubers-10406,10,ribombee,0.3716475095785441,,volcanion,1.0,,general_scoring,"[('switch', 'eternatus', 225.0), ('switch', 'kyogre', 145.0), ('switch', 'arceusghost', 75.0), ('move', 'moonblast', 71.25), ('switch', 'koraidon', 63.75), ('move', 'uturn', 52.5), ('switch', 'zaciancrowned', 35.0), ('move', 'stunspore', 30.0), ('move', 'stickyweb', 10.0)]",switch:eternatus,225.0,True
battle-gen9ubers-10406,11,eternatus,0.6508313539192399,,volcanion,1.0,,general_scoring,"[('move', 'meteorbeam', 240.0), ('move', 'dynamaxcannon', 150.0), ('switch', 'kyogre', 145.0), ('move', 'sludgebomb', 135.0), ('switch', 'arceusghost', 75.0), ('switch', 'koraidon', 63.75), ('switch', 'zaciancrowned', 35.0), ('move', 'fireblast', 27.5), ('switch', 'ribombee', -73.75)]",move:meteorbeam,240.0,True
battle-gen9ubers-10406,12,eternatus,0.6508313539192399,,zapdosgalar,1.0,,general_scoring,"[('switch', 'ribombee', 180.0), ('move', 'dynamaxcannon', 150.0), ('move', 'sludgebomb', 135.0), ('move', 'meteorbeam', 120.0), ('move', 'fireblast', 110.0), ('switch', 'zaciancrowned', 95.0), ('switch', 'arceusghost', 65.0), ('switch', 'kyogre', 35.0), ('switch', 'koraidon', -25.0)]",switch:ribombee,180.0,True
battle-gen9ubers-10406,12,ribombee,0,FNT,zapdosgalar,0.94,,forced_switch,[],switch:zaciancrowned,,True
battle-gen9ubers-10406,13,zaciancrowned,0.8769230769230769,,zapdosgalar,0.94,,general_scoring,"[('move', 'wildcharge', 180.0), ('move', 'behemothblade', 150.0), ('move', 'swordsdance', 110.0), ('switch', 'eternatus', 65.0), ('switch', 'arceusghost', 65.0), ('move', 'closecombat', 60.0), ('switch', 'kyogre', 35.0), ('switch', 'koraidon', -25.0)]",move:wildcharge,180.0,True
battle-gen9ubers-10406,14,zaciancrowned,0.36923076923076925,,entei,1.0,,general_scoring,"[('switch', 'eternatus', 225.0), ('switch', 'kyogre', 185.0), ('move', 'closecombat', 120.0), ('move', 'swordsdance', 110.0), ('move', 'wildcharge', 90.0), ('move', 'behemothblade', 75.0), ('switch', 'arceusghost', 75.0), ('switch', 'koraidon', 63.75)]",switch:eternatus,225.0,True
battle-gen9ubers-10406,15,eternatus,0.31353919239904987,,entei,1.0,,general_scoring,"[('move', 'meteorbeam', 240.0), ('switch', 'kyogre', 185.0), ('move', 'dynamaxcannon', 150.0), ('move', 'sludgebomb', 135.0), ('switch', 'arceusghost', 75.0), ('switch', 'koraidon', 63.75), ('move', 'fireblast', 55.0), ('switch', 'zaciancrowned', -25.0)]",move:meteorbeam,240.0,True
battle-gen9ubers-10406,15,eternatus,0,FNT,entei,0.89,,forced_switch,[],switch:kyogre,,True
battle-gen9ubers-10406,16,kyogre,0.2526595744680851,,entei,0.89,,general_scoring,"[('move', 'waterfall', 240.0), ('move', 'earthquake', 200.0), ('move', 'bodyslam', 85.0), ('move', 'terablast', 80.0), ('switch', 'arceusghost', 75.0), ('switch', 'koraidon', 63.75), ('switch', 'zaciancrowned', -25.0)]",move:waterfall,240.0,False
battle-gen9ubers-10406,16,kyogre,0,FNT,entei,0.8,,forced_switch,[],switch:arceusghost,,False
battle-gen9ubers-10406,17,arceusghost,0.7189054726368159,,entei,0.8,,general_scoring,"[('move', 'powergem', 160.0), ('move', 'judgment', 150.0), ('move', 'calmmind', 110.0), ('move', 'aurasphere', 80.0), ('switch', 'koraidon', 63.75), ('switch', 'zaciancrowned', -25.0)]",move:powergem,160.0,False
battle-gen9ubers-10406,18,arceusghost,0.4527363184079602,BRN,entei,0.18,,hard_ko,[],move:powergem,,False
battle-gen9ubers-10407,1,ribombee,1.0,,entei,1.0,,ribombee_opening,[],move:stickyweb,,True
battle-gen9ubers-10407,2,ribombee,0.0038314176245210726,,entei,1.0,,ribombee_opening,[],move:uturn,,True
battle-gen9ubers-10407,2,ribombee,0.0038314176245210726,,entei,0.94,,forced_switch,[],switch:eternatus,,True
battle-gen9ubers-10407,3,eternatus,0.7814726840855107,,entei,0.94,,general_scoring,"[('move', 'meteorbeam', 240.0), ('switch', 'kyogre', 185.0), ('move', 'dynamaxcannon', 150.0), ('move', 'sludgebomb', 135.0), ('switch', 'arceusghost', 75.0), ('switch', 'koraidon', 63.75), ('move', 'fireblast', 55.0), ('switch', 'zaciancrowned', -25.0), ('switch', 'ribombee', -73.75)]",move:meteorbeam,240.0,True
battle-gen9ubers-10407,4,eternatus,0.7814726840855107,,bronzong,1.0,,general_scoring,"[('switch', 'arceusghost', 255.0), ('move', 'fireblast', 220.0), ('switch', 'kyogre', 115.0), ('switch', 'koraidon', 95.0), ('move', 'dynamaxcannon', 75.0), ('move', 'meteorbeam', 60.0), ('switch', 'zaciancrowned', 35.0), ('move', 'sludgebomb', 0.0), ('switch', 'ribombee', -40.0)]",switch:arceusghost,255.0,True
battle-gen9ubers-10407,5,arceusghost,0.8432835820895522,,bronzong,1.0,,general_scoring,"[('move', 'judgment', 300.0), ('switch', 'kyogre', 115.0), ('move', 'calmmind', 110.0), ('switch', 'koraidon', 95.0), ('move', 'aurasphere', 80.0), ('switch', 'eternatus', 75.0), ('move', 'powergem', 40.0), ('switch', 'zaciancrowned', 35.0), ('switch', 'ribombee', -40.0)]",move:judgment,300.0,True
battle-gen9ubers-10407,6,arceusghost,0.8432835820895522,,mukalola,1.0,,general_scoring,"[('switch', 'kyogre', 155.0), ('move', 'calmmind', 110.0), ('switch', 'zaciancrowned', 95.0), ('move', 'aurasphere', 80.0), ('move', 'powergem', 80.0), ('move', 'judgment', 75.0), ('switch', 'eternatus', 65.0), ('switch', 'koraidon', 35.0), ('switch', 'ribombee', -2.5)]",switch:kyogre,155.0,True
battle-gen9ubers-10407,7,kyogre,0.625,,mukalola,1.0,,general_scoring,"[('move', 'earthquake', 200.0), ('move', 'waterfall', 120.0), ('switch', 'zaciancrowned', 95.0), ('move', 'bodyslam', 85.0), ('move', 'terablast', 80.0), ('switch', 'eternatus', 65.0), ('switch', 'koraidon', 35.0), ('switch', 'ribombee', -2.5), ('switch', 'arceusghost', -65.0)]",move:earthquake,200.0,True
battle-gen9ubers-10407,8,kyogre,0.23404255319148937,PSN,mukalola,0.39,,hard_ko,[],move:earthquake,,True
battle-gen9ubers-10407,9,kyogre,0.10904255319148937,PSN,chesnaught,1.0,,general_scoring,"[('switch', 'ribombee', 270.0), ('switch', 'eternatus', 215.0), ('switch', 'koraidon', 155.0), ('move', 'bodyslam', 85.0), ('move', 'terablast', 80.0), ('switch', 'zaciancrowned', 65.0), ('switch', 'arceusghost', 65.0), ('move', 'waterfall', 60.0), ('move', 'earthquake', 50.0)]",switch:ribombee,270.0,True
battle-gen9ubers-10407,10,ribombee,0.0038314176245210726,,chesnaught,1.0,,general_scoring,"[('move', 'moonblast', 285.0), ('switch', 'eternatus', 215.0), ('switch', 'koraidon', 155.0), ('move', 'uturn', 105.0), ('switch', 'zaciancrowned', 65.0), ('switch', 'arceusghost', 65.0), ('move', 'stunspore', 30.0), ('move', 'stickyweb', 10.0), ('switch', 'kyogre', -60.0)]",move:moonblast,285.0,True
battle-gen9ubers-10407,10,ribombee,0,FNT,chesnaught,0.02,,forced_switch,[],switch:eternatus,,True
battle-gen9ubers-10407,11,eternatus,0.6579572446555819,,chesnaught,0.02,,hard_ko,[],move:sludgebomb,,True
battle-gen9ubers-10407,12,eternatus,0.5130641330166271,,chesnaught,0.02,,hard_ko,[],move:sludgebomb,,True
battle-gen9ubers-10407,13,eternatus,0.38717339667458434,,chesnaught,0.02,,hard_ko,[],move:sludgebomb,,True
battle-gen9ubers-10407,14,eternatus,0.2517814726840855,,chesnaught,0.02,,hard_ko,[],move:sludgebomb,,True
battle-gen9ubers-10407,15,eternatus,0.11163895486935867,,chesnaught,0.02,,hard_ko,[],move:sludgebomb,,True
battle-gen9ubers-10407,15,eternatus,0,FNT,chesnaught,0.02,,forced_switch,[],switch:koraidon,,True
battle-gen9ubers-10407,16,koraidon,0.8768328445747801,,chesnaught,0.02,,hard_ko,[],move:scaleshot,,True
battle-gen9ubers-10407,17,koraidon,0.8768328445747801,,zapdosgalar,1.0,,general_scoring,"[('move', 'flareblitz', 120.0), ('move', 'scaleshot', 118.75), ('move', 'swordsdance', 110.0), ('switch', 'zaciancrowned', 95.0), ('switch', 'arceusghost', 65.0), ('switch', 'kyogre', 35.0), ('move', 'taunt', 10.0)]",move:flareblitz,120.0,True
battle-gen9ubers-10407,18,koraidon,0.5659824046920822,,volcanion,1.0,,general_scoring,"[('switch', 'kyogre', 145.0), ('move', 'scaleshot', 118.75), ('move', 'swordsdance', 110.0), ('switch', 'arceusghost', 75.0), ('switch', 'zaciancrowned', 35.0), ('move', 'flareblitz', 30.0), ('move', 'taunt', 10.0)]",switch:kyogre,145.0,True
battle-gen9ubers-10407,18,kyogre,0,FNT,volcanion,1.0,,forced_switch,[],switch:arceusghost,,False
battle-gen9ubers-10407,19,arceusghost,0.7189054726368159,,volcanion,1.0,,general_scoring,"[('move', 'powergem', 160.0), ('move', 'judgment', 150.0), ('move', 'calmmind', 110.0), ('move', 'aurasphere', 80.0), ('switch', 'koraidon', 63.75), ('switch', 'zaciancrowned', 35.0)]",move:powergem,160.0,True
battle-gen9ubers-10407,20,arceusghost,0.47761194029850745,,volcanion,0.23,,hard_ko,[],move:powergem,,True
battle-gen9ubers-10408,1,ribombee,1.0,,volcanion,1.0,,ribombee_opening,[],move:stickyweb,,True
battle-gen9ubers-10408,2,ribombee,0.0038314176245210726,,volcanion,1.0,,ribombee_opening,[],move:uturn,,True
battle-gen9ubers-10408,2,ribombee,0.0038314176245210726,,volcanion,0.94,,forced_switch,[],switch:eternatus,,True
battle-gen9ubers-10408,3,eternatus,0.7838479809976246,,volcanion,0.94,,general_scoring,"[('move', 'meteorbeam', 240.0), ('move', 'dynamaxcannon', 150.0), ('switch', 'kyogre', 145.0), ('move', 'sludgebomb', 135.0), ('switch', 'arceusghost', 75.0), ('switch', 'koraidon', 63.75), ('switch', 'zaciancrowned', 35.0), ('move', 'fireblast', 27.5), ('switch', 'ribombee', -73.75)]",move:meteorbeam,240.0,True
battle-gen9ubers-10408,4,eternatus,0.7838479809976246,,bronzong,1.0,,general_scoring,"[('switch', 'arceusghost', 255.0), ('move', 'fireblast', 220.0), ('switch', 'kyogre', 115.0), ('switch', 'koraidon', 95.0), ('move', 'dynamaxcannon', 75.0), ('move', 'meteorbeam', 60.0), ('switch', 'zaciancrowned', 35.0), ('move', 'sludgebomb', 0.0), ('switch', 'ribombee', -40.0)]",switch:arceusghost,255.0,True
battle-gen9ubers-10408,5,arceusghost,0.8507462686567164,,bronzong,1.0,,general_scoring,"[('move', 'judgment', 300.0), ('switch', 'kyogre', 115.0), ('move', 'calmmind', 110.0), ('switch', 'koraidon', 95.0), ('move', 'aurasphere', 80.0), ('switch', 'eternatus', 75.0), ('move', 'powergem', 40.0), ('switch', 'zaciancrowned', 35.0), ('switch', 'ribombee', -40.0)]",move:judgment,300.0,True
battle-gen9ubers-10408,6,arceusghost,0.8507462686567164,,mukalola,1.0,,general_scoring,"[('switch', 'kyogre', 155.0), ('move', 'calmmind', 110.0), ('switch', 'zaciancrowned', 95.0), ('move', 'aurasphere', 80.0), ('move', 'powergem', 80.0), ('move', 'judgment', 75.0), ('switch', 'eternatus', 65.0), ('switch', 'koraidon', 35.0), ('switch', 'ribombee', -2.5)]",switch:kyogre,155.0,True
battle-gen9ubers-10408,7,kyogre,0.5292553191489362,PSN,mukalola,1.0,,general_scoring,"[('move', 'earthquake', 200.0), ('move', 'waterfall', 120.0), ('switch', 'zaciancrowned', 95.0), ('move', 'bodyslam', 85.0), ('move', 'terablast', 80.0), ('switch', 'eternatus', 65.0), ('switch', 'koraidon', 35.0), ('switch', 'ribombee', -2.5), ('switch', 'arceusghost', -65.0)]",move:earthquake,200.0,True
battle-gen9ubers-10408,8,kyogre,0.10106382978723404,PSN,mukalola,0.45,,hard_ko,[],move:earthquake,,True
battle-gen9ubers-10408,8,kyogre,0,FNT,mukalola,0,FNT,forced_switch,[],switch:zaciancrowned,,True
battle-gen9ubers-10408,9,zaciancrowned,1.0,,chesnaught,1.0,,general_scoring,"[('switch', 'ribombee', 270.0), ('switch', 'eternatus', 215.0), ('switch', 'koraidon', 155.0), ('move', 'behemothblade', 150.0), ('move', 'closecombat', 120.0), ('move', 'swordsdance', 110.0), ('switch', 'arceusghost', 65.0), ('move', 'wildcharge', 45.0)]",switch:ribombee,270.0,True
battle-gen9ubers-10408,10,ribombee,0.0038314176245210726,,chesnaught,1.0,,general_scoring,"[('move', 'moonblast', 285.0), ('switch', 'eternatus', 215.0), ('switch', 'koraidon', 155.0), ('move', 'uturn', 105.0), ('switch', 'zaciancrowned', 65.0), ('switch', 'arceusghost', 65.0), ('move', 'stunspore', 30.0), ('move', 'stickyweb', 10.0)]",move:moonblast,285.0,True
battle-gen9ubers-10408,10,ribombee,0,FNT,chesnaught,0.04,,forced_switch,[],switch:eternatus,,True
battle-gen9ubers-10408,11,eternatus,0.6603325415676959,,chesnaught,0.04,,hard_ko,[],move:sludgebomb,,True
battle-gen9ubers-10408,12,eternatus,0.5249406175771971,,chesnaught,0.04,,hard_ko,[],move:sludgebomb,,True
battle-gen9ubers-10408,13,eternatus,0.38717339667458434,,chesnaught,0.04,,hard_ko,[],move:sludgebomb,,True
battle-gen9ubers-10408,14,eternatus,0.2517814726840855,,chesnaught,0.04,,hard_ko,[],move:sludgebomb,,True
battle-gen9ubers-10408,15,eternatus,0.10451306413301663,,chesnaught,0.04,,hard_ko,[],move:sludgebomb,,True
battle-gen9ubers-10408,15,eternatus,0,FNT,chesnaught,0.04,,forced_switch,[],switch:koraidon,,True
battle-gen9ubers-10408,16,koraidon,0.8768328445747801,,chesnaught,0.04,,hard_ko,[],move:scaleshot,,True
battle-gen9ubers-10408,17,koraidon,0.46920821114369504,,chesnaught,0.04,,hard_ko,[],move:scaleshot,,True
battle-gen9ubers-10408,18,koraidon,0.46920821114369504,,zapdosgalar,1.0,,general_scoring,"[('move', 'flareblitz', 120.0), ('move', 'scaleshot', 118.75), ('move', 'swordsdance', 110.0), ('switch', 'zaciancrowned', 95.0), ('switch', 'arceusghost', 65.0), ('move', 'taunt', 10.0)]",move:flareblitz,120.0,True
battle-gen9ubers-10408,18,koraidon,0,FNT,zapdosgalar,0,FNT,forced_switch,[],switch:zaciancrowned,,True
battle-gen9ubers-10408,19,zaciancrowned,0.8769230769230769,,entei,1.0,,general_scoring,"[('move', 'closecombat', 120.0), ('move', 'swordsdance', 110.0), ('move', 'wildcharge', 90.0), ('move', 'behemothblade', 75.0), ('switch', 'arceusghost', 75.0)]",move:closecombat,120.0,True
battle-gen9ubers-10408,19,zaciancrowned,0,FNT,entei,0.48,,forced_switch,[],switch:arceusghost,,True
battle-gen9ubers-10408,20,arceusghost,0.7263681592039801,,entei,0.48,,general_scoring,"[('move', 'powergem', 160.0), ('move', 'judgment', 150.0), ('move', 'calmmind', 110.0), ('move', 'aurasphere', 80.0)]",move:powergem,160.0,False
battle-gen9ubers-10409,1,ribombee,1.0,,koraidon,1.0,,ribombee_opening,[],move:stickyweb,,False
battle-gen9ubers-10409,2,ribombee,0.41762452107279696,,koraidon,0.91,,ribombee_opening,[],move:stunspore,,False
battle-gen9ubers-10409,2,ribombee,0,FNT,koraidon,0.81,,forced_switch,[],switch:eternatus,,False
battle-gen9ubers-10409,3,eternatus,1.0,,koraidon,0.81,,general_scoring,"[('move', 'dynamaxcannon', 300.0), ('move', 'sludgebomb', 135.0), ('switch', 'koraidon', 92.5), ('switch', 'arceusghost', 65.0), ('switch', 'zaciancrowned', 65.0), ('move', 'meteorbeam', 60.0), ('move', 'fireblast', 55.0), ('switch', 'kyogre', 15.0)]",move:dynamaxcannon,300.0,False
battle-gen9ubers-10409,4,eternatus,0.5676959619952494,,arceusfairy,1.0,,general_scoring,"[('move', 'sludgebomb', 270.0), ('switch', 'zaciancrowned', 245.0), ('move', 'meteorbeam', 120.0), ('move', 'fireblast', 110.0), ('switch', 'arceusghost', 65.0), ('switch', 'kyogre', 35.0), ('move', 'dynamaxcannon', 0.0), ('switch', 'koraidon', -145.0)]",move:sludgebomb,270.0,True
battle-gen9ubers-10409,5,eternatus,0.18052256532066507,,arceusfairy,0.21,,hard_ko,[],move:sludgebomb,,True
battle-gen9ubers-10409,6,eternatus,0.18052256532066507,,kingambit,1.0,,general_scoring,"[('switch', 'zaciancrowned', 395.0), ('move', 'fireblast', 220.0), ('switch', 'arceusghost', 175.0), ('switch', 'koraidon', 155.0), ('switch', 'kyogre', 115.0), ('move', 'dynamaxcannon', 75.0), ('move', 'meteorbeam', 60.0), ('move', 'sludgebomb', 0.0)]",switch:zaciancrowned,395.0,True
battle-gen9ubers-10409,7,zaciancrowned,0.676923076923077,,kingambit,1.0,,hard_ko,[],move:closecombat,,True
battle-gen9ubers-10409,8,zaciancrowned,0.676923076923077,,deoxysspeed,1.0,,general_scoring,"[('switch', 'arceusghost', 255.0), ('move', 'behemothblade', 150.0), ('move', 'swordsdance', 110.0), ('move', 'wildcharge', 90.0), ('move', 'closecombat', 60.0), ('switch', 'kyogre', 35.0), ('switch', 'eternatus', 5.0), ('switch', 'koraidon', -25.0)]",switch:arceusghost,255.0,True
battle-gen9ubers-10409,9,arceusghost,0.6865671641791045,,deoxysspeed,1.0,,general_scoring,"[('move', 'judgment', 300.0), ('switch', 'zaciancrowned', 95.0), ('move', 'powergem', 80.0), ('move', 'aurasphere', 40.0), ('switch', 'kyogre', 35.0), ('switch', 'eternatus', 5.0), ('move', 'calmmind', 0.0), ('switch', 'koraidon', -25.0)]",move:judgment,300.0,False
battle-gen9ubers-10409,10,arceusghost,0.5149253731343284,,deoxysspeed,0.01,,hard_ko,[],move:judgment,,False
battle-gen9ubers-10409,11,arceusghost,0.5149253731343284,,eternatus,1.0,,general_scoring,"[('switch', 'eternatus', 195.0), ('move', 'judgment', 150.0), ('switch', 'zaciancrowned', 125.0), ('switch', 'kyogre', 115.0), ('move', 'calmmind', 110.0), ('switch', 'koraidon', 92.5), ('move', 'powergem', 80.0), ('move', 'aurasphere', 40.0)]",switch:eternatus,195.0,True
battle-gen9ubers-10409,11,eternatus,0,FNT,eternatus,1.0,,forced_switch,[],switch:zaciancrowned,,True
battle-gen9ubers-10409,12,zaciancrowned,0.676923076923077,,eternatus,1.0,,general_scoring,"[('move', 'behemothblade', 150.0), ('switch', 'kyogre', 115.0), ('move', 'swordsdance', 110.0), ('switch', 'koraidon', 92.5), ('switch', 'arceusghost', 65.0), ('move', 'closecombat', 60.0), ('move', 'wildcharge', 45.0)]",move:behemothblade,150.0,True
battle-gen9ubers-10409,13,zaciancrowned,0.676923076923077,,eternatus,0.55,,general_scoring,"[('move', 'behemothblade', 150.0), ('switch', 'kyogre', 115.0), ('move', 'swordsdance', 110.0), ('switch', 'koraidon', 92.5), ('switch', 'arceusghost', 65.0), ('move', 'closecombat', 60.0), ('move', 'wildcharge', 45.0)]",move:behemothblade,150.0,True
battle-gen9ubers-10409,14,zaciancrowned,0.19384615384615383,,eternatus,0.09,,hard_ko,[],move:behemothblade,,True
battle-gen9ubers-10409,15,zaciancrowned,0.19384615384615383,,zaciancrowned,1.0,,general_scoring,"[('move', 'behemothblade', 150.0), ('move', 'closecombat', 120.0), ('switch', 'kyogre', 115.0), ('move', 'swordsdance', 110.0), ('move', 'wildcharge', 90.0), ('switch', 'arceusghost', 65.0), ('switch', 'koraidon', -25.0)]",move:behemothblade,150.0,True
battle-gen9ubers-10409,15,zaciancrowned,0,FNT,zaciancrowned,0.49,,forced_switch,[],switch:kyogre,,True
battle-gen9ubers-10409,16,kyogre,1.0,,zaciancrowned,0.49,,hard_ko,[],move:earthquake,,False
battle-gen9ubers-10410,1,ribombee,1.0,,kingambit,1.0,,ribombee_opening,[],move:stickyweb,,True
battle-gen9ubers-10410,2,ribombee,0.3793103448275862,,kingambit,1.0,,ribombee_opening,[],move:uturn,,True
battle-gen9ubers-10410,2,ribombee,0.3793103448275862,,kingambit,0.9,,forced_switch,[],switch:zaciancrowned,,True
battle-gen9ubers-10410,3,zaciancrowned,0.7384615384615385,,kingambit,0.9,,hard_ko,[],move:closecombat,,True
battle-gen9ubers-10410,4,zaciancrowned,0.7384615384615385,,deoxysspeed,1.0,,general_scoring,"[('switch', 'arceusghost', 255.0), ('move', 'behemothblade', 150.0), ('switch', 'ribombee', 125.0), ('move', 'swordsdance', 110.0), ('move', 'wildcharge', 90.0), ('move', 'closecombat', 60.0), ('switch', 'kyogre', 35.0), ('switch', 'eternatus', 5.0), ('switch', 'koraidon', -25.0)]",switch:arceusghost,255.0,True
battle-gen9ubers-10410,5,arceusghost,0.6417910447761194,,deoxysspeed,1.0,,general_scoring,"[('move', 'judgment', 300.0), ('switch', 'ribombee', 125.0), ('switch', 'zaciancrowned', 95.0), ('move', 'powergem', 80.0), ('move', 'aurasphere', 40.0), ('switch', 'kyogre', 35.0), ('switch', 'eternatus', 5.0), ('move', 'calmmind', 0.0), ('switch', 'koraidon', -25.0)]",move:judgment,300.0,False
battle-gen9ubers-10410,6,arceusghost,0.4701492537313433,,deoxysspeed,0.01,,hard_ko,[],move:judgment,,False
battle-gen9ubers-10410,7,arceusghost,0.36318407960199006,,arceusfairy,1.0,,general_scoring,"[('switch', 'zaciancrowned', 245.0), ('switch', 'eternatus', 225.0), ('move', 'judgment', 150.0), ('move', 'calmmind', 110.0), ('move', 'powergem', 80.0), ('switch', 'ribombee', 57.5), ('move', 'aurasphere', 40.0), ('switch', 'kyogre', 35.0), ('switch', 'koraidon', -145.0)]",switch:zaciancrowned,245.0,True
battle-gen9ubers-10410,8,zaciancrowned,0.5076923076923077,,arceusfairy,1.0,,general_scoring,"[('move', 'behemothblade', 300.0), ('switch', 'eternatus', 225.0), ('move', 'swordsdance', 110.0), ('move', 'wildcharge', 90.0), ('switch', 'arceusghost', 65.0), ('move', 'closecombat', 60.0), ('switch', 'ribombee', 57.5), ('switch', 'kyogre', 35.0), ('switch', 'koraidon', -145.0)]",move:behemothblade,300.0,True
battle-gen9ubers-10410,9,zaciancrowned,0.26461538461538464,,arceusfairy,0.31,,hard_ko,[],move:behemothblade,,True
battle-gen9ubers-10410,10,zaciancrowned,0.26461538461538464,,eternatus,1.0,,general_scoring,"[('switch', 'eternatus', 195.0), ('move', 'behemothblade', 150.0), ('switch', 'kyogre', 115.0), ('move', 'swordsdance', 110.0), ('switch', 'koraidon', 92.5), ('switch', 'arceusghost', 65.0), ('move', 'closecombat', 60.0), ('move', 'wildcharge', 45.0), ('switch', 'ribombee', -2.5)]",switch:eternatus,195.0,True
battle-gen9ubers-10410,11,eternatus,0.40380047505938244,,eternatus,1.0,,general_scoring,"[('move', 'dynamaxcannon', 300.0), ('switch', 'zaciancrowned', 125.0), ('move', 'meteorbeam', 120.0), ('switch', 'kyogre', 115.0), ('switch', 'koraidon', 92.5), ('move', 'sludgebomb', 67.5), ('switch', 'arceusghost', 65.0), ('move', 'fireblast', 55.0), ('switch', 'ribombee', -2.5)]",move:dynamaxcannon,300.0,True
battle-gen9ubers-10410,12,eternatus,0.40380047505938244,,eternatus,0.05,,hard_ko,[],move:dynamaxcannon,,True
battle-gen9ubers-10410,13,eternatus,0.40380047505938244,,zaciancrowned,1.0,,general_scoring,"[('move', 'fireblast', 220.0), ('switch', 'kyogre', 115.0), ('switch', 'arceusghost', 65.0), ('switch', 'zaciancrowned', 65.0), ('move', 'meteorbeam', 60.0), ('move', 'sludgebomb', 0.0), ('move', 'dynamaxcannon', 0.0), ('switch', 'koraidon', -25.0), ('switch', 'ribombee', -73.75)]",move:fireblast,220.0,True
battle-gen9ubers-10410,14,eternatus,0.09263657957244656,,zaciancrowned,0.2,,hard_ko,[],move:fireblast,,True
battle-gen9ubers-10410,15,eternatus,0.09263657957244656,,koraidon,1.0,,general_scoring,"[('switch', 'ribombee', 570.0), ('move', 'dynamaxcannon', 300.0), ('move', 'sludgebomb', 135.0), ('switch', 'koraidon', 92.5), ('switch', 'arceusghost', 65.0), ('switch', 'zaciancrowned', 65.0), ('move', 'meteorbeam', 60.0), ('move', 'fireblast', 55.0), ('switch', 'kyogre', 15.0)]",switch:ribombee,570.0,True
battle-gen9ubers-10410,15,ribombee,0,FNT,koraidon,0.91,,forced_switch,[],switch:eternatus,,True
battle-gen9ubers-10410,16,eternatus,0.09263657957244656,,koraidon,0.91,,general_scoring,"[('move', 'dynamaxcannon', 300.0), ('move', 'sludgebomb', 135.0), ('switch', 'koraidon', 92.5), ('switch', 'arceusghost', 65.0), ('switch', 'zaciancrowned', 65.0), ('move', 'meteorbeam', 60.0), ('move', 'fireblast', 55.0), ('switch', 'kyogre', 15.0)]",move:dynamaxcannon,300.0,True
battle-gen9ubers-10411,1,ribombee,1.0,,eternatus,1.0,,ribombee_opening,[],move:stickyweb,,False
battle-gen9ubers-10411,2,ribombee,0.0038314176245210726,,eternatus,1.0,,ribombee_opening,[],move:uturn,,False
battle-gen9ubers-10411,2,ribombee,0.0038314176245210726,,eternatus,0.95,,forced_switch,[],switch:eternatus,,False
battle-gen9ubers-10411,3,eternatus,1.0,,eternatus,0.95,,general_scoring,"[('move', 'dynamaxcannon', 300.0), ('switch', 'zaciancrowned', 125.0), ('move', 'meteorbeam', 120.0), ('switch', 'kyogre', 115.0), ('switch', 'koraidon', 92.5), ('move', 'sludgebomb', 67.5), ('switch', 'arceusghost', 65.0), ('move', 'fireblast', 55.0), ('switch', 'ribombee', -2.5)]",move:dynamaxcannon,300.0,False
battle-gen9ubers-10411,4,eternatus,1.0,,zaciancrowned,1.0,,general_scoring,"[('move', 'fireblast', 220.0), ('switch', 'kyogre', 115.0), ('switch', 'arceusghost', 65.0), ('switch', 'zaciancrowned', 65.0), ('move', 'meteorbeam', 60.0), ('move', 'sludgebomb', 0.0), ('move', 'dynamaxcannon', 0.0), ('switch', 'koraidon', -25.0), ('switch', 'ribombee', -73.75)]",move:fireblast,220.0,True
battle-gen9ubers-10411,5,eternatus,0.6935866983372921,,zaciancrowned,0.17,,hard_ko,[],move:fireblast,,True
battle-gen9ubers-10411,6,eternatus,0.6935866983372921,,deoxysspeed,1.0,,general_scoring,"[('switch', 'arceusghost', 255.0), ('move', 'dynamaxcannon', 150.0), ('move', 'sludgebomb', 135.0), ('switch', 'ribombee', 125.0), ('move', 'meteorbeam', 120.0), ('move', 'fireblast', 110.0), ('switch', 'zaciancrowned', 95.0), ('switch', 'kyogre', 35.0), ('switch', 'koraidon', -25.0)]",switch:arceusghost,255.0,True
battle-gen9ubers-10411,7,arceusghost,0.6492537313432836,,deoxysspeed,1.0,,general_scoring,"[('move', 'judgment', 300.0), ('switch', 'ribombee', 125.0), ('switch', 'zaciancrowned', 95.0), ('move', 'powergem', 80.0), ('move', 'aurasphere', 40.0), ('switch', 'kyogre', 35.0), ('switch', 'eternatus', 5.0), ('move', 'calmmind', 0.0), ('switch', 'koraidon', -25.0)]",move:judgment,300.0,False
battle-gen9ubers-10411,8,arceusghost,0.4701492537313433,,deoxysspeed,0.01,,hard_ko,[],move:judgment,,False
battle-gen9ubers-10411,9,arceusghost,0.3482587064676617,,koraidon,1.0,,general_scoring,"[('switch', 'ribombee', 570.0), ('switch', 'eternatus', 155.0), ('move', 'judgment', 150.0), ('move', 'calmmind', 110.0), ('switch', 'koraidon', 92.5), ('move', 'aurasphere', 80.0), ('switch', 'zaciancrowned', 65.0), ('move', 'powergem', 40.0), ('switch', 'kyogre', 15.0)]",switch:ribombee,570.0,True
battle-gen9ubers-10411,9,ribombee,0,FNT,koraidon,0.91,,forced_switch,[],switch:eternatus,,True
battle-gen9ubers-10411,10,eternatus,0.6935866983372921,,koraidon,0.91,,general_scoring,"[('move', 'dynamaxcannon', 300.0), ('move', 'sludgebomb', 135.0), ('switch', 'koraidon', 92.5), ('switch', 'zaciancrowned', 65.0), ('switch', 'arceusghost', 65.0), ('move', 'meteorbeam', 60.0), ('move', 'fireblast', 55.0), ('switch', 'kyogre', 15.0)]",move:dynamaxcannon,300.0,True
battle-gen9ubers-10411,11,eternatus,0.6935866983372921,,arceusfairy,1.0,,general_scoring,"[('move', 'sludgebomb', 270.0), ('switch', 'zaciancrowned', 245.0), ('move', 'meteorbeam', 120.0), ('move', 'fireblast', 110.0), ('switch', 'arceusghost', 65.0), ('switch', 'kyogre', 35.0), ('move', 'dynamaxcannon', 0.0), ('switch', 'koraidon', -145.0)]",move:sludgebomb,270.0,True
battle-gen9ubers-10411,12,eternatus,0.2850356294536817,,arceusfairy,0.11,PSN,hard_ko,[],move:sludgebomb,,True
battle-gen9ubers-10411,13,eternatus,0.2850356294536817,,kingambit,1.0,,general_scoring,"[('switch', 'zaciancrowned', 395.0), ('move', 'fireblast', 220.0), ('switch', 'arceusghost', 175.0), ('switch', 'koraidon', 155.0), ('switch', 'kyogre', 115.0), ('move', 'dynamaxcannon', 75.0), ('move', 'meteorbeam', 60.0), ('move', 'sludgebomb', 0.0)]",switch:zaciancrowned,395.0,True
battle-gen9ubers-10411,14,zaciancrowned,0.6123076923076923,,kingambit,1.0,,hard_ko,[],move:closecombat,,True
battle-gen9ubers-10412,1,ribombee,1.0,,darkrai,1.0,,ribombee_opening,[],move:stickyweb,,False
battle-gen9ubers-10412,2,ribombee,0.4559386973180077,,darkrai,1.0,,ribombee_opening,[],move:stunspore,,False
battle-gen9ubers-10412,2,ribombee,0,FNT,darkrai,1.0,,forced_switch,[],switch:zaciancrowned,,False
battle-gen9ubers-10412,3,zaciancrowned,1.0,,darkrai,1.0,,general_scoring,"[('move', 'closecombat', 240.0), ('move', 'behemothblade', 150.0), ('move', 'swordsdance', 110.0), ('move', 'wildcharge', 90.0), ('switch', 'koraidon', 65.0), ('switch', 'eternatus', 65.0), ('switch', 'kyogre', 35.0), ('switch', 'arceusghost', 15.0)]",move:closecombat,240.0,True
battle-gen9ubers-10412,4,zaciancrowned,0.7784615384615384,,dragonite,1.0,,general_scoring,"[('switch', 'eternatus', 195.0), ('move', 'behemothblade', 150.0), ('move', 'swordsdance', 110.0), ('switch', 'koraidon', 92.5), ('move', 'wildcharge', 90.0), ('switch', 'arceusghost', 75.0), ('move', 'closecombat', 60.0), ('switch', 'kyogre', 0.0)]",switch:eternatus,195.0,True
battle-gen9ubers-10412,5,eternatus,0.33016627078384797,,dragonite,1.0,,general_scoring,"[('move', 'dynamaxcannon', 300.0), ('move', 'meteorbeam', 240.0), ('move', 'sludgebomb', 135.0), ('switch', 'zaciancrowned', 95.0), ('switch', 'koraidon', 92.5), ('switch', 'arceusghost', 75.0), ('move', 'fireblast', 55.0), ('switch', 'kyogre', 0.0)]",move:dynamaxcannon,300.0,True
battle-gen9ubers-10412,5,eternatus,0,FNT,dragonite,0.33,,forced_switch,[],switch:zaciancrowned,,True
battle-gen9ubers-10412,6,zaciancrowned,0.7784615384615384,,dragonite,0.33,,hard_ko,[],move:behemothblade,,True
battle-gen9ubers-10412,7,zaciancrowned,0.7784615384615384,,greattusk,1.0,,general_scoring,"[('switch', 'kyogre', 155.0), ('move', 'behemothblade', 150.0), ('move', 'closecombat', 120.0), ('move', 'swordsdance', 110.0), ('switch', 'arceusghost', 65.0), ('switch', 'koraidon', 35.0), ('move', 'wildcharge', 0.0)]",switch:kyogre,155.0,True
battle-gen9ubers-10412,8,kyogre,0.40691489361702127,,greattusk,1.0,,general_scoring,"[('move', 'waterfall', 240.0), ('move', 'earthquake', 100.0), ('move', 'bodyslam', 85.0), ('move', 'terablast', 80.0), ('switch', 'arceusghost', 65.0), ('switch', 'koraidon', 35.0), ('switch', 'zaciancrowned', 5.0)]",move:waterfall,240.0,False
battle-gen9ubers-10412,8,kyogre,0,FNT,greattusk,1.0,,forced_switch,[],switch:arceusghost,,False
battle-gen9ubers-10412,9,arceusghost,1.0,,greattusk,1.0,,general_scoring,"[('move', 'judgment', 150.0), ('move', 'calmmind', 110.0), ('move', 'aurasphere', 80.0), ('switch', 'koraidon', 35.0), ('move', 'powergem', 20.0), ('switch', 'zaciancrowned', 5.0)]",move:judgment,150.0,True
battle-gen9ubers-10412,10,arceusghost,1.0,,moltres,1.0,,general_scoring,"[('move', 'powergem', 320.0), ('move', 'judgment', 150.0), ('move', 'calmmind', 110.0), ('move', 'aurasphere', 40.0), ('switch', 'zaciancrowned', 35.0), ('switch', 'koraidon', -26.25)]",move:powergem,320.0,True
battle-gen9ubers-10412,11,arceusghost,1.0,,ogerponwellspring,1.0,,general_scoring,"[('move', 'judgment', 150.0), ('move', 'calmmind', 110.0), ('move', 'aurasphere', 80.0), ('move', 'powergem', 80.0), ('switch', 'koraidon', 65.0), ('switch', 'zaciancrowned', 35.0)]",move:judgment,150.0,True
battle-gen9ubers-10412,12,arceusghost,0.3333333333333333,,ogerponwellspring,0.31,,hard_ko,[],move:judgment,,True
battle-gen9ubers-10412,13,arceusghost,0.3333333333333333,,garganacl,1.0,,general_scoring,"[('switch', 'zaciancrowned', 245.0), ('move', 'aurasphere', 160.0), ('move', 'judgment', 150.0), ('move', 'calmmind', 110.0), ('move', 'powergem', 80.0), ('switch', 'koraidon', 63.75)]",switch:zaciancrowned,245.0,True
battle-gen9ubers-10412,14,zaciancrowned,0.4646153846153846,,garganacl,1.0,,general_scoring,"[('move', 'behemothblade', 300.0), ('move', 'closecombat', 240.0), ('move', 'swordsdance', 110.0), ('move', 'wildcharge', 90.0), ('switch', 'arceusghost', 75.0), ('switch', 'koraidon', 63.75)]",move:behemothblade,300.0,True
battle-gen9ubers-10412,15,zaciancrowned,0.15384615384615385,,garganacl,0.35,,hard_ko,[],move:behemothblade,,True
battle-gen9ubers-10413,1,ribombee,1.0,,dragonite,1.0,,ribombee_opening,[],move:stickyweb,,True
battle-gen9ubers-10413,2,ribombee,0.6015325670498084,,dragonite,1.0,,ribombee_opening,[],move:stunspore,,True
battle-gen9ubers-10413,3,ribombee,0.2222222222222222,,dragonite,1.0,PAR,general_scoring,"[('move', 'moonblast', 285.0), ('switch', 'eternatus', 195.0), ('switch', 'zaciancrowned', 95.0), ('switch', 'koraidon', 92.5), ('switch', 'arceusghost', 75.0), ('move', 'uturn', 52.5), ('move', 'stunspore', 10.0), ('move', 'stickyweb', 10.0), ('switch', 'kyogre', 0.0)]",move:moonblast,285.0,True
battle-gen9ubers-10413,4,ribombee,0.2222222222222222,,dragonite,0.6,PAR,hard_ko,[],move:moonblast,,True
battle-gen9ubers-10413,5,ribombee,0.2222222222222222,,darkrai,1.0,,general_scoring,"[('move', 'moonblast', 285.0), ('move', 'uturn', 210.0), ('switch', 'zaciancrowned', 185.0), ('switch', 'koraidon', 65.0), ('switch', 'eternatus', 65.0), ('switch', 'kyogre', 35.0), ('move', 'stunspore', 30.0), ('switch', 'arceusghost', 15.0), ('move', 'stickyweb', 10.0)]",move:moonblast,285.0,True
battle-gen9ubers-10413,5,ribombee,0,FNT,darkrai,1.0,,forced_switch,[],switch:zaciancrowned,,True
battle-gen9ubers-10413,6,zaciancrowned,1.0,,darkrai,1.0,,general_scoring,"[('move', 'closecombat', 240.0), ('move', 'behemothblade', 150.0), ('move', 'swordsdance', 110.0), ('move', 'wildcharge', 90.0), ('switch', 'koraidon', 65.0), ('switch', 'eternatus', 65.0), ('switch', 'kyogre', 35.0), ('switch', 'arceusghost', 15.0)]",move:closecombat,240.0,True
battle-gen9ubers-10413,7,zaciancrowned,1.0,,ogerponwellspring,1.0,,general_scoring,"[('switch', 'eternatus', 255.0), ('move', 'closecombat', 120.0), ('move', 'swordsdance', 110.0), ('move', 'wildcharge', 90.0), ('move', 'behemothblade', 75.0), ('switch', 'koraidon', 65.0), ('switch', 'arceusghost', 65.0), ('switch', 'kyogre', -60.0)]",switch:eternatus,255.0,True
battle-gen9ubers-10413,8,eternatus,0.6223277909738717,,ogerponwellspring,1.0,,general_scoring,"[('move', 'sludgebomb', 270.0), ('move', 'dynamaxcannon', 150.0), ('move', 'meteorbeam', 120.0), ('move', 'fireblast', 110.0), ('switch', 'koraidon', 65.0), ('switch', 'arceusghost', 65.0), ('switch', 'zaciancrowned', 35.0), ('switch', 'kyogre', -60.0)]",move:sludgebomb,270.0,True
battle-gen9ubers-10413,9,eternatus,0.6223277909738717,,greattusk,1.0,,general_scoring,"[('switch', 'kyogre', 155.0), ('move', 'dynamaxcannon', 150.0), ('move', 'fireblast', 110.0), ('move', 'sludgebomb', 67.5), ('switch', 'arceusghost', 65.0), ('switch', 'koraidon', 35.0), ('move', 'meteorbeam', 30.0), ('switch', 'zaciancrowned', 5.0)]",switch:kyogre,155.0,True
battle-gen9ubers-10413,10,kyogre,0.3670212765957447,,greattusk,1.0,,general_scoring,"[('move', 'waterfall', 240.0), ('move', 'earthquake', 100.0), ('move', 'bodyslam', 85.0), ('move', 'terablast', 80.0), ('switch', 'arceusghost', 65.0), ('switch', 'koraidon', 35.0), ('switch', 'zaciancrowned', 5.0), ('switch', 'eternatus', 5.0)]",move:waterfall,240.0,False
battle-gen9ubers-10413,10,kyogre,0,FNT,greattusk,1.0,,forced_switch,[],switch:arceusghost,,False
battle-gen9ubers-10413,11,arceusghost,1.0,,greattusk,1.0,,general_scoring,"[('move', 'judgment', 150.0), ('move', 'calmmind', 110.0), ('move', 'aurasphere', 80.0), ('switch', 'koraidon', 35.0), ('move', 'powergem', 20.0), ('switch', 'zaciancrowned', 5.0), ('switch', 'eternatus', 5.0)]",move:judgment,150.0,True
battle-gen9ubers-10413,12,arceusghost,1.0,,garganacl,1.0,,general_scoring,"[('switch', 'zaciancrowned', 245.0), ('move', 'aurasphere', 160.0), ('move', 'judgment', 150.0), ('move', 'calmmind', 110.0), ('move', 'powergem', 80.0), ('switch', 'eternatus', 65.0), ('switch', 'koraidon', 63.75)]",switch:zaciancrowned,245.0,True
battle-gen9ubers-10413,13,zaciancrowned,0.6923076923076923,,garganacl,1.0,,general_scoring,"[('move', 'behemothblade', 300.0), ('move', 'closecombat', 240.0), ('move', 'swordsdance', 110.0), ('move', 'wildcharge', 90.0), ('switch', 'arceusghost', 75.0), ('switch', 'eternatus', 65.0), ('switch', 'koraidon', 63.75)]",move:behemothblade,300.0,True
battle-gen9ubers-10413,14,zaciancrowned,0.38153846153846155,,garganacl,0.31,,hard_ko,[],move:behemothblade,,True
battle-gen9ubers-10413,15,zaciancrowned,0.13230769230769232,,moltres,1.0,,general_scoring,"[('switch', 'eternatus', 435.0), ('switch', 'arceusghost', 235.0), ('move', 'wildcharge', 180.0), ('move', 'swordsdance', 110.0), ('move', 'behemothblade', 75.0), ('move', 'closecombat', 60.0), ('switch', 'koraidon', -26.25)]",switch:eternatus,435.0,True
battle-gen9ubers-10413,16,eternatus,0.2494061757719715,,moltres,0.87,,hard_ko,[],move:meteorbeam,,True
battle-gen9ubers-10414,1,ribombee,1.0,,darkrai,1.0,,ribombee_opening,[],move:stickyweb,,False
battle-gen9ubers-10414,2,ribombee,0.41379310344827586,,darkrai,1.0,,ribombee_opening,[],move:stunspore,,False
battle-gen9ubers-10414,2,ribombee,0,FNT,darkrai,1.0,,forced_switch,[],switch:zaciancrowned,,False
battle-gen9ubers-10414,3,zaciancrowned,1.0,,darkrai,1.0,,general_scoring,"[('move', 'closecombat', 240.0), ('move', 'behemothblade', 150.0), ('move', 'swordsdance', 110.0), ('move', 'wildcharge', 90.0), ('switch', 'koraidon', 65.0), ('switch', 'eternatus', 65.0), ('switch', 'kyogre', 35.0), ('switch', 'arceusghost', 15.0)]",move:closecombat,240.0,True
battle-gen9ubers-10414,4,zaciancrowned,0.8523076923076923,,garganacl,1.0,,general_scoring,"[('move', 'behemothblade', 300.0), ('move', 'closecombat', 240.0), ('switch', 'kyogre', 155.0), ('move', 'swordsdance', 110.0), ('move', 'wildcharge', 90.0), ('switch', 'arceusghost', 75.0), ('switch', 'eternatus', 65.0), ('switch', 'koraidon', 63.75)]",move:behemothblade,300.0,True
battle-gen9ubers-10414,5,zaciancrowned,0.8523076923076923,,moltres,1.0,,general_scoring,"[('switch', 'eternatus', 435.0), ('switch', 'arceusghost', 235.0), ('move', 'wildcharge', 180.0), ('switch', 'kyogre', 155.0), ('move', 'swordsdance', 110.0), ('move', 'behemothblade', 75.0), ('move', 'closecombat', 60.0), ('switch', 'koraidon', -26.25)]",switch:eternatus,435.0,True
battle-gen9ubers-10414,6,eternatus,0.5914489311163895,,moltres,0.86,,hard_ko,[],move:meteorbeam,,True
battle-gen9ubers-10414,7,eternatus,0.5914489311163895,,ogerponwellspring,1.0,,general_scoring,"[('move', 'sludgebomb', 270.0), ('move', 'dynamaxcannon', 150.0), ('move', 'meteorbeam', 120.0), ('move', 'fireblast', 110.0), ('switch', 'koraidon', 65.0), ('switch', 'arceusghost', 65.0), ('switch', 'zaciancrowned', 35.0), ('switch', 'kyogre', -60.0)]",move:sludgebomb,270.0,True
battle-gen9ubers-10414,8,eternatus,0.5914489311163895,,dragonite,1.0,,general_scoring,"[('move', 'dynamaxcannon', 300.0), ('move', 'meteorbeam', 240.0), ('move', 'sludgebomb', 135.0), ('switch', 'zaciancrowned', 95.0), ('switch', 'koraidon', 92.5), ('switch', 'arceusghost', 75.0), ('move', 'fireblast', 55.0), ('switch', 'kyogre', 0.0)]",move:dynamaxcannon,300.0,True
battle-gen9ubers-10414,9,eternatus,0.5914489311163895,,greattusk,1.0,,general_scoring,"[('switch', 'kyogre', 155.0), ('move', 'dynamaxcannon', 150.0), ('move', 'fireblast', 110.0), ('move', 'sludgebomb', 67.5), ('switch', 'arceusghost', 65.0), ('switch', 'koraidon', 35.0), ('move', 'meteorbeam', 30.0), ('switch', 'zaciancrowned', 5.0)]",switch:kyogre,155.0,True
battle-gen9ubers-10414,10,kyogre,0.38563829787234044,,greattusk,1.0,,general_scoring,"[('move', 'waterfall', 240.0), ('move', 'earthquake', 100.0), ('move', 'bodyslam', 85.0), ('move', 'terablast', 80.0), ('switch', 'arceusghost', 65.0), ('switch', 'koraidon', 35.0), ('switch', 'zaciancrowned', 5.0), ('switch', 'eternatus', 5.0)]",move:waterfall,240.0,False
battle-gen9ubers-10414,10,kyogre,0,FNT,greattusk,1.0,,forced_switch,[],switch:arceusghost,,False
battle-gen9ubers-10414,11,arceusghost,1.0,,greattusk,1.0,,general_scoring,"[('move', 'judgment', 150.0), ('move', 'calmmind', 110.0), ('move', 'aurasphere', 80.0), ('switch', 'koraidon', 35.0), ('move', 'powergem', 20.0), ('switch', 'zaciancrowned', 5.0), ('switch', 'eternatus', 5.0)]",move:judgment,150.0,True
battle-gen9ubers-10415,1,ribombee,1.0,,tornadustherian,1.0,,ribombee_opening,[],move:stickyweb,,True
battle-gen9ubers-10415,2,ribombee,0.8544061302681992,,tornadustherian,1.0,,ribombee_opening,[],move:uturn,,True
battle-gen9ubers-10415,2,ribombee,0.8544061302681992,,tornadustherian,0.92,,forced_switch,[],switch:eternatus,,True
battle-gen9ubers-10415,3,eternatus,0.8669833729216152,,tornadustherian,0.92,,general_scoring,"[('move', 'meteorbeam', 240.0), ('move', 'dynamaxcannon', 150.0), ('move', 'sludgebomb', 135.0), ('switch', 'zaciancrowned', 125.0), ('move', 'fireblast', 110.0), ('switch', 'arceusghost', 75.0), ('switch', 'kyogre', 35.0), ('switch', 'ribombee', -2.5), ('switch', 'koraidon', -25.0)]",move:meteorbeam,240.0,False
battle-gen9ubers-10415,4,eternatus,0.8669833729216152,,rotomwash,1.0,,general_scoring,"[('move', 'dynamaxcannon', 150.0), ('move', 'sludgebomb', 135.0), ('move', 'meteorbeam', 120.0), ('switch', 'arceusghost', 65.0), ('switch', 'koraidon', 63.75), ('switch', 'ribombee', 57.5), ('move', 'fireblast', 55.0), ('switch', 'kyogre', 55.0), ('switch', 'zaciancrowned', 35.0)]",move:dynamaxcannon,150.0,True
battle-gen9ubers-10415,5,eternatus,0.8669833729216152,,rotomwash,0.27,,hard_ko,[],move:dynamaxcannon,,True
battle-gen9ubers-10415,6,eternatus,0.8669833729216152,,cobalion,1.0,,general_scoring,"[('move', 'fireblast', 220.0), ('switch', 'koraidon', 195.0), ('switch', 'zaciancrowned', 155.0), ('switch', 'kyogre', 115.0), ('move', 'dynamaxcannon', 75.0), ('switch', 'arceusghost', 75.0), ('move', 'meteorbeam', 30.0), ('move', 'sludgebomb', 0.0), ('switch', 'ribombee', -2.5)]",move:fireblast,220.0,True
battle-gen9ubers-10415,7,eternatus,0.8669833729216152,,metagross,1.0,,general_scoring,"[('switch', 'arceusghost', 255.0), ('move', 'fireblast', 220.0), ('switch', 'kyogre', 115.0), ('switch', 'koraidon', 95.0), ('move', 'dynamaxcannon', 75.0), ('move', 'meteorbeam', 60.0), ('switch', 'zaciancrowned', 35.0), ('move', 'sludgebomb', 0.0), ('switch', 'ribombee', -40.0)]",switch:arceusghost,255.0,True
battle-gen9ubers-10415,8,arceusghost,0.4079601990049751,,metagross,1.0,,general_scoring,"[('move', 'judgment', 300.0), ('switch', 'kyogre', 115.0), ('move', 'calmmind', 110.0), ('switch', 'koraidon', 95.0), ('move', 'aurasphere', 80.0), ('switch', 'eternatus', 75.0), ('move', 'powergem', 40.0), ('switch', 'zaciancrowned', 35.0), ('switch', 'ribombee', -40.0)]",move:judgment,300.0,True
battle-gen9ubers-10415,9,arceusghost,0.4079601990049751,,zarudedada,1.0,,general_scoring,"[('switch', 'ribombee', 405.0), ('switch', 'koraidon', 185.0), ('switch', 'eternatus', 185.0), ('switch', 'zaciancrowned', 185.0), ('move', 'aurasphere', 160.0), ('move', 'powergem', 80.0), ('move', 'judgment', 75.0), ('move', 'calmmind', 0.0), ('switch', 'kyogre', -60.0)]",switch:ribombee,405.0,False
battle-gen9ubers-10415,10,ribombee,0.2835249042145594,,zarudedada,1.0,,hard_ko,[],move:uturn,,True
battle-gen9ubers-10415,10,ribombee,0.2835249042145594,,zarudedada,0.53,,forced_switch,[],switch:koraidon,,True
battle-gen9ubers-10415,11,koraidon,0.7390029325513197,,zarudedada,0.53,,hard_ko,[],move:flareblitz,,True
battle-gen9ubers-10415,12,koraidon,0.5630498533724341,,clodsire,1.0,,general_scoring,"[('switch', 'kyogre', 195.0), ('move', 'flareblitz', 120.0), ('move', 'scaleshot', 118.75), ('move', 'swordsdance', 110.0), ('switch', 'arceusghost', 65.0), ('move', 'taunt', 10.0), ('switch', 'eternatus', 5.0), ('switch', 'zaciancrowned', 5.0), ('switch', 'ribombee', -73.75)]",switch:kyogre,195.0,True
battle-gen9ubers-10415,13,kyogre,0.6170212765957447,,clodsire,1.0,,general_scoring,"[('move', 'waterfall', 240.0), ('move', 'earthquake', 200.0), ('move', 'bodyslam', 85.0), ('move', 'terablast', 80.0), ('switch', 'arceusghost', 65.0), ('switch', 'koraidon', 35.0), ('switch', 'eternatus', 5.0), ('switch', 'zaciancrowned', 5.0), ('switch', 'ribombee', -73.75)]",move:waterfall,240.0,True
battle-gen9ubers-10415,14,kyogre,0.35904255319148937,,clodsire,1.0,,general_scoring,"[('move', 'waterfall', 240.0), ('switch', 'arceusghost', 65.0), ('switch', 'koraidon', 35.0), ('switch', 'eternatus', 5.0), ('switch', 'zaciancrowned', 5.0), ('switch', 'ribombee', -73.75)]",move:waterfall,240.0,True
battle-gen9ubers-10415,15,kyogre,0.08776595744680851,,clodsire,1.0,,general_scoring,"[('move', 'waterfall', 240.0), ('switch', 'arceusghost', 65.0), ('switch', 'koraidon', 35.0), ('switch', 'eternatus', 5.0), ('switch', 'zaciancrowned', 5.0), ('switch', 'ribombee', -73.75)]",move:waterfall,240.0,True
battle-gen9ubers-10415,15,kyogre,0,FNT,clodsire,1.0,,forced_switch,[],switch:arceusghost,,True
battle-gen9ubers-10415,16,arceusghost,0.4079601990049751,,clodsire,1.0,,general_scoring,"[('move', 'judgment', 150.0), ('move', 'calmmind', 110.0), ('move', 'aurasphere', 40.0), ('move', 'powergem', 40.0), ('switch', 'koraidon', 35.0), ('switch', 'eternatus', 5.0), ('switch', 'zaciancrowned', 5.0), ('switch', 'ribombee', -73.75)]",move:judgment,150.0,True
battle-gen9ubers-10415,17,arceusghost,0.20398009950248755,,clodsire,0.64,,general_scoring,"[('move', 'judgment', 150.0), ('move', 'calmmind', 110.0), ('move', 'aurasphere', 40.0), ('move', 'powergem', 40.0), ('switch', 'koraidon', 35.0), ('switch', 'eternatus', 5.0), ('switch', 'zaciancrowned', 5.0), ('switch', 'ribombee', -73.75)]",move:judgment,150.0,True
battle-gen9ubers-10415,17,arceusghost,0,FNT,clodsire,0.27,,forced_switch,[],switch:koraidon,,True
battle-gen9ubers-10415,18,koraidon,0.5630498533724341,,clodsire,0.27,,hard_ko,[],move:scaleshot,,True
battle-gen9ubers-10416,1,ribombee,1.0,,rotomwash,1.0,,ribombee_opening,[],move:stickyweb,,True
battle-gen9ubers-10416,2,ribombee,0.28735632183908044,,rotomwash,1.0,,ribombee_opening,[],move:stunspore,,True
battle-gen9ubers-10416,2,ribombee,0,FNT,rotomwash,1.0,,forced_switch,[],switch:eternatus,,True
battle-gen9ubers-10416,3,eternatus,1.0,,rotomwash,1.0,,general_scoring,"[('move', 'dynamaxcannon', 150.0), ('move', 'sludgebomb', 135.0), ('move', 'meteorbeam', 120.0), ('switch', 'arceusghost', 65.0), ('switch', 'koraidon', 63.75), ('move', 'fireblast', 55.0), ('switch', 'kyogre', 55.0), ('switch', 'zaciancrowned', 35.0)]",move:dynamaxcannon,150.0,True
battle-gen9ubers-10416,4,eternatus,0.7577197149643705,,rotomwash,0.53,,general_scoring,"[('move', 'dynamaxcannon', 150.0), ('move', 'sludgebomb', 135.0), ('move', 'meteorbeam', 120.0), ('switch', 'arceusghost', 65.0), ('switch', 'koraidon', 63.75), ('move', 'fireblast', 55.0), ('switch', 'kyogre', 55.0), ('switch', 'zaciancrowned', 35.0)]",move:dynamaxcannon,150.0,True
battle-gen9ubers-10416,5,eternatus,0.7577197149643705,,tornadustherian,1.0,,general_scoring,"[('move', 'meteorbeam', 240.0), ('move', 'dynamaxcannon', 150.0), ('move', 'sludgebomb', 135.0), ('switch', 'zaciancrowned', 125.0), ('move', 'fireblast', 110.0), ('switch', 'arceusghost', 75.0), ('switch', 'kyogre', 35.0), ('switch', 'koraidon', -25.0)]",move:meteorbeam,240.0,False
battle-gen9ubers-10416,6,eternatus,0.7577197149643705,,tornadustherian,1.0,,general_scoring,"[('move', 'meteorbeam', 240.0), ('move', 'dynamaxcannon', 150.0), ('move', 'sludgebomb', 135.0), ('switch', 'zaciancrowned', 125.0), ('move', 'fireblast', 110.0), ('switch', 'arceusghost', 75.0), ('switch', 'kyogre', 35.0), ('switch', 'koraidon', -25.0)]",move:meteorbeam,240.0,False
battle-gen9ubers-10416,7,eternatus,0.6152019002375297,,tornadustherian,1.0,,general_scoring,"[('move', 'meteorbeam', 240.0)]",move:meteorbeam,240.0,False
battle-gen9ubers-10416,8,eternatus,0.6152019002375297,,zarudedada,1.0,,general_scoring,"[('move', 'sludgebomb', 270.0), ('move', 'fireblast', 220.0), ('switch', 'koraidon', 185.0), ('switch', 'zaciancrowned', 185.0), ('move', 'dynamaxcannon', 150.0), ('move', 'meteorbeam', 120.0), ('switch', 'arceusghost', 15.0), ('switch', 'kyogre', -60.0)]",move:sludgebomb,270.0,True
battle-gen9ubers-10416,9,eternatus,0.6152019002375297,,cobalion,1.0,,general_scoring,"[('move', 'fireblast', 220.0), ('switch', 'koraidon', 195.0), ('switch', 'zaciancrowned', 155.0), ('switch', 'kyogre', 115.0), ('move', 'dynamaxcannon', 75.0), ('switch', 'arceusghost', 75.0), ('move', 'meteorbeam', 30.0), ('move', 'sludgebomb', 0.0)]",move:fireblast,220.0,True
battle-gen9ubers-10416,10,eternatus,0.6152019002375297,,metagross,1.0,,general_scoring,"[('switch', 'arceusghost', 255.0), ('move', 'fireblast', 220.0), ('switch', 'kyogre', 115.0), ('switch', 'koraidon', 95.0), ('move', 'dynamaxcannon', 75.0), ('move', 'meteorbeam', 60.0), ('switch', 'zaciancrowned', 35.0), ('move', 'sludgebomb', 0.0)]",switch:arceusghost,255.0,True
battle-gen9ubers-10416,11,arceusghost,0.4527363184079602,,metagross,1.0,,general_scoring,"[('move', 'judgment', 300.0), ('switch', 'kyogre', 115.0), ('move', 'calmmind', 110.0), ('switch', 'koraidon', 95.0), ('move', 'aurasphere', 80.0), ('switch', 'eternatus', 75.0), ('move', 'powergem', 40.0), ('switch', 'zaciancrowned', 35.0)]",move:judgment,300.0,True
battle-gen9ubers-10416,12,arceusghost,0.4527363184079602,,clodsire,1.0,,general_scoring,"[('switch', 'kyogre', 195.0), ('move', 'judgment', 150.0), ('move', 'calmmind', 110.0), ('move', 'aurasphere', 40.0), ('move', 'powergem', 40.0), ('switch', 'koraidon', 35.0), ('switch', 'eternatus', 5.0), ('switch', 'zaciancrowned', 5.0)]",switch:kyogre,195.0,True
battle-gen9ubers-10416,13,kyogre,0.7526595744680851,,clodsire,1.0,,general_scoring,"[('move', 'waterfall', 240.0), ('move', 'earthquake', 200.0), ('move', 'bodyslam', 85.0), ('move', 'terablast', 80.0), ('switch', 'arceusghost', 65.0), ('switch', 'koraidon', 35.0), ('switch', 'eternatus', 5.0), ('switch', 'zaciancrowned', 5.0)]",move:waterfall,240.0,True
battle-gen9ubers-10416,14,kyogre,0.34308510638297873,,clodsire,1.0,,general_scoring,"[('move', 'waterfall', 240.0), ('switch', 'arceusghost', 65.0), ('switch', 'koraidon', 35.0), ('switch', 'eternatus', 5.0), ('switch', 'zaciancrowned', 5.0)]",move:waterfall,240.0,True
battle-gen9ubers-10416,15,kyogre,0.09574468085106383,,clodsire,1.0,,general_scoring,"[('move', 'waterfall', 240.0), ('switch', 'arceusghost', 65.0), ('switch', 'koraidon', 35.0), ('switch', 'eternatus', 5.0), ('switch', 'zaciancrowned', 5.0)]",move:waterfall,240.0,True
battle-gen9ubers-10416,15,kyogre,0,FNT,clodsire,1.0,,forced_switch,[],switch:arceusghost,,True
battle-gen9ubers-10416,16,arceusghost,0.4527363184079602,,clodsire,1.0,,general_scoring,"[('move', 'judgment', 150.0), ('move', 'calmmind', 110.0), ('move', 'aurasphere', 40.0), ('move', 'powergem', 40.0), ('switch', 'koraidon', 35.0), ('switch', 'eternatus', 5.0), ('switch', 'zaciancrowned', 5.0)]",move:judgment,150.0,True
battle-gen9ubers-10416,17,arceusghost,0.26616915422885573,,clodsire,0.65,,general_scoring,"[('move', 'judgment', 150.0), ('move', 'calmmind', 110.0), ('move', 'aurasphere', 40.0), ('move', 'powergem', 40.0), ('switch', 'koraidon', 35.0), ('switch', 'eternatus', 5.0), ('switch', 'zaciancrowned', 5.0)]",move:judgment,150.0,True
battle-gen9ubers-10416,17,arceusghost,0,FNT,clodsire,0.29,,forced_switch,[],switch:koraidon,,True
battle-gen9ubers-10416,18,koraidon,1.0,,clodsire,0.29,,hard_ko,[],move:scaleshot,,True
battle-gen9ubers-10417,1,ribombee,1.0,,cobalion,1.0,,ribombee_opening,[],move:stickyweb,,True
battle-gen9ubers-10417,2,ribombee,0.8160919540229885,,cobalion,1.0,,ribombee_opening,[],move:uturn,,True
battle-gen9ubers-10417,2,ribombee,0.6513409961685823,,cobalion,0.98,,forced_switch,[],switch:koraidon,,True
battle-gen9ubers-10417,3,koraidon,0.6803519061583577,,cobalion,0.98,,general_scoring,"[('move', 'flareblitz', 240.0), ('switch', 'zaciancrowned', 155.0), ('switch', 'eternatus', 135.0), ('switch', 'kyogre', 115.0), ('move', 'swordsdance', 110.0), ('switch', 'arceusghost', 75.0), ('move', 'scaleshot', 59.375), ('move', 'taunt', 10.0), ('switch', 'ribombee', -2.5)]",move:flareblitz,240.0,True
battle-gen9ubers-10417,4,koraidon,0.18181818181818182,,metagross,1.0,,general_scoring,"[('switch', 'arceusghost', 255.0), ('move', 'flareblitz', 240.0), ('switch', 'kyogre', 115.0), ('move', 'swordsdance', 110.0), ('switch', 'eternatus', 75.0), ('move', 'scaleshot', 59.375), ('switch', 'zaciancrowned', 35.0), ('move', 'taunt', 10.0), ('switch', 'ribombee', -40.0)]",switch:arceusghost,255.0,True
battle-gen9ubers-10417,5,arceusghost,0.47512437810945274,,metagross,1.0,,general_scoring,"[('move', 'judgment', 300.0), ('switch', 'kyogre', 115.0), ('move', 'calmmind', 110.0), ('switch', 'koraidon', 95.0), ('move', 'aurasphere', 80.0), ('switch', 'eternatus', 75.0), ('move', 'powergem', 40.0), ('switch', 'zaciancrowned', 35.0), ('switch', 'ribombee', -40.0)]",move:judgment,300.0,True
battle-gen9ubers-10417,6,arceusghost,0.47512437810945274,,rotomwash,1.0,,general_scoring,"[('move', 'judgment', 150.0), ('switch', 'eternatus', 135.0), ('move', 'calmmind', 110.0), ('move', 'aurasphere', 80.0), ('move', 'powergem', 80.0), ('switch', 'koraidon', 63.75), ('switch', 'ribombee', 57.5), ('switch', 'kyogre', 55.0), ('switch', 'zaciancrowned', 35.0)]",move:judgment,150.0,True
battle-gen9ubers-10417,7,arceusghost,0.32587064676616917,,rotomwash,0.46,,general_scoring,"[('move', 'judgment', 150.0), ('switch', 'eternatus', 135.0), ('move', 'calmmind', 110.0), ('move', 'aurasphere', 80.0), ('move', 'powergem', 80.0), ('switch', 'koraidon', 63.75), ('switch', 'ribombee', 57.5), ('switch', 'kyogre', 55.0), ('switch', 'zaciancrowned', 35.0)]",move:judgment,150.0,True
battle-gen9ubers-10417,8,arceusghost,0.32587064676616917,,clodsire,1.0,,general_scoring,"[('switch', 'kyogre', 195.0), ('move', 'judgment', 150.0), ('move', 'calmmind', 110.0), ('move', 'aurasphere', 40.0), ('move', 'powergem', 40.0), ('switch', 'koraidon', 35.0), ('switch', 'zaciancrowned', 5.0), ('switch', 'eternatus', 5.0), ('switch', 'ribombee', -73.75)]",switch:kyogre,195.0,True
battle-gen9ubers-10417,9,kyogre,0.7180851063829787,,clodsire,1.0,,general_scoring,"[('move', 'waterfall', 240.0), ('move', 'earthquake', 200.0), ('move', 'bodyslam', 85.0), ('move', 'terablast', 80.0), ('switch', 'arceusghost', 65.0), ('switch', 'koraidon', 35.0), ('switch', 'zaciancrowned', 5.0), ('switch', 'eternatus', 5.0), ('switch', 'ribombee', -73.75)]",move:waterfall,240.0,True
battle-gen9ubers-10417,10,kyogre,0.45478723404255317,,clodsire,1.0,,general_scoring,"[('move', 'waterfall', 240.0), ('switch', 'arceusghost', 65.0), ('switch', 'koraidon', 35.0), ('switch', 'zaciancrowned', 5.0), ('switch', 'eternatus', 5.0), ('switch', 'ribombee', -73.75)]",move:waterfall,240.0,True
battle-gen9ubers-10417,11,kyogre,0.18085106382978725,,clodsire,1.0,,general_scoring,"[('move', 'waterfall', 240.0), ('switch', 'arceusghost', 65.0), ('switch', 'koraidon', 35.0), ('switch', 'zaciancrowned', 5.0), ('switch', 'eternatus', 5.0), ('switch', 'ribombee', -73.75)]",move:waterfall,240.0,True
battle-gen9ubers-10417,11,kyogre,0,FNT,clodsire,1.0,,forced_switch,[],switch:arceusghost,,True
battle-gen9ubers-10417,12,arceusghost,0.32587064676616917,,clodsire,1.0,,general_scoring,"[('move', 'judgment', 150.0), ('move', 'calmmind', 110.0), ('move', 'aurasphere', 40.0), ('move', 'powergem', 40.0), ('switch', 'koraidon', 35.0), ('switch', 'zaciancrowned', 5.0), ('switch', 'eternatus', 5.0), ('switch', 'ribombee', -73.75)]",move:judgment,150.0,True
battle-gen9ubers-10417,13,arceusghost,0.1318407960199005,,clodsire,0.64,,general_scoring,"[('move', 'judgment', 150.0), ('move', 'calmmind', 110.0), ('move', 'aurasphere', 40.0), ('move', 'powergem', 40.0), ('switch', 'koraidon', 35.0), ('switch', 'zaciancrowned', 5.0), ('switch', 'eternatus', 5.0), ('switch', 'ribombee', -73.75)]",move:judgment,150.0,True
battle-gen9ubers-10417,13,arceusghost,0,FNT,clodsire,0.3,,forced_switch,[],switch:koraidon,,True
battle-gen9ubers-10417,14,koraidon,0.18181818181818182,,clodsire,0.3,,hard_ko,[],move:flareblitz,,True
battle-gen9ubers-10417,15,koraidon,0.04985337243401759,,zarudedada,1.0,,general_scoring,"[('switch', 'ribombee', 405.0), ('move', 'flareblitz', 240.0), ('switch', 'zaciancrowned', 185.0), ('switch', 'eternatus', 185.0), ('move', 'scaleshot', 118.75), ('move', 'swordsdance', 110.0), ('move', 'taunt', 10.0)]",switch:ribombee,405.0,True
battle-gen9ubers-10417,16,ribombee,0.6513409961685823,,zarudedada,1.0,,hard_ko,[],move:uturn,,True
battle-gen9ubers-10417,16,ribombee,0.6513409961685823,,zarudedada,0.46,,forced_switch,[],switch:koraidon,,True
battle-gen9ubers-10417,16,koraidon,0,FNT,zarudedada,0.46,,forced_switch,[],switch:ribombee,,True
battle-gen9ubers-10417,17,ribombee,0.6513409961685823,,zarudedada,0.46,,hard_ko,[],move:uturn,,True
battle-gen9ubers-10417,17,ribombee,0.6513409961685823,,zarudedada,0,FNT,forced_switch,[],switch:zaciancrowned,,True
battle-gen9ubers-10417,18,zaciancrowned,1.0,,tornadustherian,1.0,,general_scoring,"[('switch', 'eternatus', 195.0), ('move', 'wildcharge', 180.0), ('move', 'behemothblade', 150.0), ('move', 'swordsdance', 110.0), ('move', 'closecombat', 60.0), ('switch', 'ribombee', -2.5)]",switch:eternatus,195.0,True
battle-gen9ubers-10417,19,eternatus,0.8717339667458432,,tornadustherian,1.0,,general_scoring,"[('move', 'meteorbeam', 240.0), ('move', 'dynamaxcannon', 150.0), ('move', 'sludgebomb', 135.0), ('switch', 'zaciancrowned', 125.0), ('move', 'fireblast', 110.0), ('switch', 'ribombee', -2.5)]",move:meteorbeam,240.0,False
battle-gen9ubers-10417,20,eternatus,0.6793349168646081,,tornadustherian,1.0,,general_scoring,"[('move', 'meteorbeam', 240.0), ('move', 'dynamaxcannon', 150.0), ('move', 'sludgebomb', 135.0), ('switch', 'zaciancrowned', 125.0), ('move', 'fireblast', 110.0), ('switch', 'ribombee', -2.5)]",move:meteorbeam,240.0,False
battle-gen9ubers-10417,21,eternatus,0.5534441805225653,,tornadustherian,1.0,,general_scoring,"[('move', 'meteorbeam', 240.0)]",move:meteorbeam,240.0,False
battle-gen9ubers-10418,1,ribombee,1.0,,zapdosgalar,1.0,,ribombee_opening,[],move:stickyweb,,True
battle-gen9ubers-10418,2,ribombee,0.7126436781609196,,zapdosgalar,1.0,,ribombee_opening,[],move:stunspore,,True
battle-gen9ubers-10418,3,ribombee,0.4099616858237548,,zapdosgalar,1.0,PAR,general_scoring,"[('move', 'moonblast', 285.0), ('switch', 'zaciancrowned', 95.0), ('switch', 'arceusghost', 65.0), ('switch', 'eternatus', 65.0), ('switch', 'kyogre', 35.0), ('move', 'uturn', 26.25), ('move', 'stunspore', 10.0), ('move', 'stickyweb', 10.0), ('switch', 'koraidon', -25.0)]",move:moonblast,285.0,True
battle-gen9ubers-10418,4,ribombee,0.4099616858237548,,rotomheat,1.0,,general_scoring,"[('switch', 'kyogre', 295.0), ('switch', 'eternatus', 185.0), ('switch', 'arceusghost', 75.0), ('move', 'moonblast', 71.25), ('switch', 'koraidon', 63.75), ('move', 'uturn', 52.5), ('move', 'stunspore', 30.0), ('move', 'stickyweb', 10.0), ('switch', 'zaciancrowned', -25.0)]",switch:kyogre,295.0,True
battle-gen9ubers-10418,5,kyogre,0.9202127659574468,,rotomheat,1.0,,hard_ko,[],move:earthquake,,False
battle-gen9ubers-10418,6,kyogre,0.8829787234042553,,rotomheat,1.0,,hard_ko,[],move:earthquake,,False
battle-gen9ubers-10418,7,kyogre,0.7553191489361702,,rotomheat,1.0,,hard_ko,[],move:earthquake,,False
battle-gen9ubers-10418,8,kyogre,0.7367021276595744,,rotomheat,1.0,,hard_ko,[],move:earthquake,,False
battle-gen9ubers-10418,9,kyogre,0.7180851063829787,,rotomheat,1.0,,hard_ko,[],move:earthquake,,False
battle-gen9ubers-10418,10,kyogre,0.675531914893617,,rotomheat,1.0,,hard_ko,[],move:earthquake,,False
battle-gen9ubers-10418,11,kyogre,0.6382978723404256,,rotomheat,1.0,,hard_ko,[],move:earthquake,,False
battle-gen9ubers-10418,12,kyogre,0.598404255319149,,rotomheat,1.0,,hard_ko,[],move:earthquake,,False
battle-gen9ubers-10418,13,kyogre,0.5132978723404256,,krookodile,0.69,,general_scoring,"[('switch', 'ribombee', 270.0), ('move', 'earthquake', 100.0), ('switch', 'zaciancrowned', 95.0), ('switch', 'koraidon', 35.0), ('switch', 'arceusghost', 15.0), ('switch', 'eternatus', 5.0)]",switch:ribombee,270.0,True
battle-gen9ubers-10418,13,ribombee,0,FNT,krookodile,0.75,,forced_switch,[],switch:kyogre,,True
battle-gen9ubers-10418,14,kyogre,0.5132978723404256,,krookodile,0.75,,general_scoring,"[('move', 'waterfall', 240.0), ('move', 'earthquake', 100.0), ('switch', 'zaciancrowned', 95.0), ('move', 'bodyslam', 85.0), ('move', 'terablast', 80.0), ('switch', 'koraidon', 35.0), ('switch', 'arceusghost', 15.0), ('switch', 'eternatus', 5.0)]",move:waterfall,240.0,True
battle-gen9ubers-10418,15,kyogre,0.5132978723404256,,cyclizar,1.0,,general_scoring,"[('switch', 'zaciancrowned', 185.0), ('switch', 'eternatus', 155.0), ('switch', 'koraidon', 92.5), ('switch', 'arceusghost', 75.0), ('move', 'waterfall', 60.0)]",switch:zaciancrowned,185.0,False
battle-gen9ubers-10418,16,zaciancrowned,0.8215384615384616,,cyclizar,0.95,,general_scoring,"[('move', 'closecombat', 240.0), ('switch', 'eternatus', 155.0), ('move', 'behemothblade', 150.0), ('move', 'swordsdance', 110.0), ('switch', 'koraidon', 92.5), ('switch', 'arceusghost', 75.0), ('move', 'wildcharge', 45.0), ('switch', 'kyogre', 15.0)]",move:closecombat,240.0,True
battle-gen9ubers-10418,17,zaciancrowned,0.8215384615384616,,jirachi,1.0,,general_scoring,"[('switch', 'arceusghost', 255.0), ('move', 'closecombat', 120.0), ('switch', 'kyogre', 115.0), ('move', 'swordsdance', 110.0), ('switch', 'koraidon', 95.0), ('move', 'wildcharge', 90.0), ('move', 'behemothblade', 75.0), ('switch', 'eternatus', 75.0)]",switch:arceusghost,255.0,True
battle-gen9ubers-10418,18,arceusghost,0.8159203980099502,,jirachi,1.0,,general_scoring,"[('move', 'judgment', 300.0), ('switch', 'kyogre', 115.0), ('move', 'calmmind', 110.0), ('switch', 'koraidon', 95.0), ('move', 'aurasphere', 80.0), ('switch', 'eternatus', 75.0), ('move', 'powergem', 40.0), ('switch', 'zaciancrowned', 35.0)]",move:judgment,300.0,True
battle-gen9ubers-10418,19,arceusghost,0.8159203980099502,,rotomheat,1.0,,general_scoring,"[('switch', 'kyogre', 295.0), ('switch', 'eternatus', 185.0), ('move', 'powergem', 160.0), ('move', 'judgment', 150.0), ('move', 'calmmind', 110.0), ('move', 'aurasphere', 80.0), ('switch', 'koraidon', 63.75), ('switch', 'zaciancrowned', -25.0)]",switch:kyogre,295.0,True
battle-gen9ubers-10418,20,kyogre,0.19414893617021275,,slowbro,1.0,,general_scoring,"[('switch', 'arceusghost', 255.0), ('move', 'earthquake', 100.0), ('switch', 'zaciancrowned', 95.0), ('move', 'bodyslam', 85.0), ('move', 'terablast', 80.0), ('move', 'waterfall', 60.0), ('switch', 'eternatus', 5.0), ('switch', 'koraidon', -26.25)]",switch:arceusghost,255.0,True
battle-gen9ubers-10418,21,arceusghost,0.8159203980099502,,slowbro,1.0,,general_scoring,"[('move', 'judgment', 300.0), ('move', 'calmmind', 110.0), ('switch', 'zaciancrowned', 95.0), ('move', 'powergem', 80.0), ('move', 'aurasphere', 40.0), ('switch', 'kyogre', 15.0), ('switch', 'eternatus', 5.0), ('switch', 'koraidon', -26.25)]",move:judgment,300.0,True
battle-gen9ubers-10418,22,arceusghost,0.8159203980099502,,rotomheat,1.0,,general_scoring,"[('switch', 'kyogre', 295.0), ('switch', 'eternatus', 185.0), ('move', 'powergem', 160.0), ('move', 'judgment', 150.0), ('move', 'calmmind', 110.0), ('move', 'aurasphere', 80.0), ('switch', 'koraidon', 63.75), ('switch', 'zaciancrowned', -25.0)]",switch:kyogre,295.0,True
battle-gen9ubers-10418,22,kyogre,0,FNT,rotomheat,1.0,,forced_switch,[],switch:eternatus,,False
battle-gen9ubers-10418,23,eternatus,1.0,,rotomheat,1.0,,general_scoring,"[('move', 'meteorbeam', 240.0), ('move', 'dynamaxcannon', 150.0), ('move', 'sludgebomb', 135.0), ('switch', 'arceusghost', 75.0), ('switch', 'koraidon', 63.75), ('move', 'fireblast', 55.0), ('switch', 'zaciancrowned', -25.0)]",move:meteorbeam,240.0,True
battle-gen9ubers-10418,24,eternatus,0.9002375296912114,,rotomheat,1.0,,general_scoring,"[('move', 'meteorbeam', 240.0), ('move', 'dynamaxcannon', 150.0), ('move', 'sludgebomb', 135.0), ('switch', 'arceusghost', 75.0), ('switch', 'koraidon', 63.75), ('move', 'fireblast', 55.0), ('switch', 'zaciancrowned', -25.0)]",move:meteorbeam,240.0,True
battle-gen9ubers-10418,25,eternatus,0.8004750593824228,,rotomheat,1.0,,general_scoring,"[('move', 'meteorbeam', 240.0)]",move:meteorbeam,240.0,True
battle-gen9ubers-10419,1,ribombee,1.0,,krookodile,1.0,,ribombee_opening,[],move:stickyweb,,True
battle-gen9ubers-10419,2,ribombee,0.5977011494252874,,krookodile,1.0,,ribombee_opening,[],move:stunspore,,True
battle-gen9ubers-10419,3,ribombee,0.20306513409961685,,krookodile,1.0,PAR,general_scoring,"[('move', 'moonblast', 285.0), ('move', 'uturn', 210.0), ('switch', 'kyogre', 155.0), ('switch', 'zaciancrowned', 95.0), ('switch', 'koraidon', 35.0), ('switch', 'arceusghost', 15.0), ('move', 'stunspore', 10.0), ('move', 'stickyweb', 10.0), ('switch', 'eternatus', 5.0)]",move:moonblast,285.0,True
battle-gen9ubers-10419,3,ribombee,0,FNT,krookodile,0.37,PAR,forced_switch,[],switch:kyogre,,True
battle-gen9ubers-10419,4,kyogre,1.0,,krookodile,0.37,PAR,hard_ko,[],move:waterfall,,True
battle-gen9ubers-10419,5,kyogre,1.0,,zapdosgalar,1.0,,general_scoring,"[('move', 'waterfall', 120.0), ('switch', 'zaciancrowned', 95.0), ('switch', 'arceusghost', 65.0), ('switch', 'eternatus', 65.0), ('switch', 'koraidon', -25.0)]",move:waterfall,120.0,False
battle-gen9ubers-10419,6,kyogre,0.40691489361702127,,cyclizar,1.0,,general_scoring,"[('switch', 'zaciancrowned', 185.0), ('switch', 'eternatus', 155.0), ('switch', 'koraidon', 92.5), ('switch', 'arceusghost', 75.0), ('move', 'waterfall', 60.0)]",switch:zaciancrowned,185.0,False
battle-gen9ubers-10419,7,zaciancrowned,0.8246153846153846,,cyclizar,0.95,,general_scoring,"[('move', 'closecombat', 240.0), ('switch', 'eternatus', 155.0), ('move', 'behemothblade', 150.0), ('move', 'swordsdance', 110.0), ('switch', 'koraidon', 92.5), ('switch', 'arceusghost', 75.0), ('move', 'wildcharge', 45.0), ('switch', 'kyogre', 15.0)]",move:closecombat,240.0,True
battle-gen9ubers-10419,8,zaciancrowned,0.8246153846153846,,slowbro,1.0,,general_scoring,"[('switch', 'arceusghost', 255.0), ('move', 'wildcharge', 180.0), ('move', 'swordsdance', 110.0), ('move', 'behemothblade', 75.0), ('move', 'closecombat', 60.0), ('switch', 'kyogre', 15.0), ('switch', 'eternatus', 5.0), ('switch', 'koraidon', -26.25)]",switch:arceusghost,255.0,True
battle-gen9ubers-10419,9,arceusghost,1.0,,slowbro,1.0,,general_scoring,"[('move', 'judgment', 300.0), ('move', 'calmmind', 110.0), ('switch', 'zaciancrowned', 95.0), ('move', 'powergem', 80.0), ('move', 'aurasphere', 40.0), ('switch', 'kyogre', 15.0), ('switch', 'eternatus', 5.0), ('switch', 'koraidon', -26.25)]",move:judgment,300.0,True
battle-gen9ubers-10419,10,arceusghost,1.0,,jirachi,1.0,,general_scoring,"[('move', 'judgment', 300.0), ('switch', 'kyogre', 115.0), ('move', 'calmmind', 110.0), ('switch', 'koraidon', 95.0), ('move', 'aurasphere', 80.0), ('switch', 'eternatus', 75.0), ('move', 'powergem', 40.0), ('switch', 'zaciancrowned', 35.0)]",move:judgment,300.0,True
battle-gen9ubers-10419,11,arceusghost,0.7213930348258707,,rotomheat,1.0,,general_scoring,"[('switch', 'kyogre', 295.0), ('switch', 'eternatus', 185.0), ('move', 'powergem', 160.0), ('move', 'judgment', 150.0), ('move', 'calmmind', 110.0), ('move', 'aurasphere', 80.0), ('switch', 'koraidon', 63.75), ('switch', 'zaciancrowned', -25.0)]",switch:kyogre,295.0,True
battle-gen9ubers-10419,12,kyogre,0.3324468085106383,,rotomheat,1.0,,hard_ko,[],move:earthquake,,False
battle-gen9ubers-10419,13,kyogre,0.2925531914893617,,rotomheat,1.0,,hard_ko,[],move:earthquake,,False
battle-gen9ubers-10419,14,kyogre,0.26595744680851063,,rotomheat,1.0,,hard_ko,[],move:earthquake,,False
battle-gen9ubers-10419,15,kyogre,0.2473404255319149,,rotomheat,1.0,,hard_ko,[],move:earthquake,,False
battle-gen9ubers-10419,16,kyogre,0.13297872340425532,,rotomheat,1.0,,hard_ko,[],move:earthquake,,False
battle-gen9ubers-10419,17,kyogre,0.09308510638297872,,rotomheat,1.0,,hard_ko,[],move:earthquake,,False
battle-gen9ubers-10419,18,kyogre,0.05319148936170213,,rotomheat,1.0,,hard_ko,[],move:earthquake,,False
battle-gen9ubers-10419,19,kyogre,0.010638297872340425,,rotomheat,1.0,,hard_ko,[],move:earthquake,,False
battle-gen9ubers-10419,19,kyogre,0,FNT,rotomheat,1.0,,forced_switch,[],switch:eternatus,,False
battle-gen9ubers-10419,20,eternatus,1.0,,rotomheat,1.0,,general_scoring,"[('move', 'meteorbeam', 240.0), ('move', 'dynamaxcannon', 150.0), ('move', 'sludgebomb', 135.0), ('switch', 'arceusghost', 75.0), ('switch', 'koraidon', 63.75), ('move', 'fireblast', 55.0), ('switch', 'zaciancrowned', -25.0)]",move:meteorbeam,240.0,True
battle-gen9ubers-10420,1,ribombee,1.0,,rotomheat,1.0,,ribombee_opening,[],move:stickyweb,,True
battle-gen9ubers-10420,2,ribombee,0.0038314176245210726,,rotomheat,1.0,,ribombee_opening,[],move:uturn,,True
battle-gen9ubers-10420,2,ribombee,0.0038314176245210726,,rotomheat,0.94,,forced_switch,[],switch:kyogre,,True
battle-gen9ubers-10420,3,kyogre,1.0,,rotomheat,0.94,,hard_ko,[],move:earthquake,,False
battle-gen9ubers-10420,4,kyogre,0.9601063829787234,,rotomheat,0.94,,hard_ko,[],move:earthquake,,False
battle-gen9ubers-10420,5,kyogre,0.9361702127659575,,rotomheat,0.94,,hard_ko,[],move:earthquake,,False
battle-gen9ubers-10420,6,kyogre,0.9175531914893617,,rotomheat,0.94,,hard_ko,[],move:earthquake,,False
battle-gen9ubers-10420,7,kyogre,0.898936170212766,,rotomheat,0.94,,hard_ko,[],move:earthquake,,False
battle-gen9ubers-10420,8,kyogre,0.8590425531914894,,rotomheat,0.94,,hard_ko,[],move:earthquake,,False
battle-gen9ubers-10420,9,kyogre,0.8191489361702128,,rotomheat,0.94,,hard_ko,[],move:earthquake,,False
battle-gen9ubers-10420,10,kyogre,0.723404255319149,,krookodile,0.71,,general_scoring,"[('switch', 'ribombee', 270.0), ('move', 'earthquake', 100.0), ('switch', 'zaciancrowned', 95.0), ('switch', 'koraidon', 35.0), ('switch', 'arceusghost', 15.0), ('switch', 'eternatus', 5.0)]",switch:ribombee,270.0,True
battle-gen9ubers-10420,10,ribombee,0,FNT,krookodile,0.77,,forced_switch,[],switch:kyogre,,True
battle-gen9ubers-10420,11,kyogre,0.723404255319149,,krookodile,0.77,,general_scoring,"[('move', 'waterfall', 240.0), ('move', 'earthquake', 100.0), ('switch', 'zaciancrowned', 95.0), ('move', 'bodyslam', 85.0), ('move', 'terablast', 80.0), ('switch', 'koraidon', 35.0), ('switch', 'arceusghost', 15.0), ('switch', 'eternatus', 5.0)]",move:waterfall,240.0,True
battle-gen9ubers-10420,12,kyogre,0.723404255319149,,jirachi,1.0,,general_scoring,"[('switch', 'arceusghost', 255.0), ('move', 'waterfall', 120.0), ('switch', 'koraidon', 95.0), ('switch', 'eternatus', 75.0), ('switch', 'zaciancrowned', 35.0)]",switch:arceusghost,255.0,True
battle-gen9ubers-10420,13,arceusghost,0.8009950248756219,,jirachi,1.0,,general_scoring,"[('move', 'judgment', 300.0), ('switch', 'kyogre', 115.0), ('move', 'calmmind', 110.0), ('switch', 'koraidon', 95.0), ('move', 'aurasphere', 80.0), ('switch', 'eternatus', 75.0), ('move', 'powergem', 40.0), ('switch', 'zaciancrowned', 35.0)]",move:judgment,300.0,True
battle-gen9ubers-10420,14,arceusghost,0.8009950248756219,,rotomheat,0.94,,general_scoring,"[('switch', 'kyogre', 295.0), ('switch', 'eternatus', 185.0), ('move', 'powergem', 160.0), ('move', 'judgment', 150.0), ('move', 'calmmind', 110.0), ('move', 'aurasphere', 80.0), ('switch', 'koraidon', 63.75), ('switch', 'zaciancrowned', -25.0)]",switch:kyogre,295.0,True
battle-gen9ubers-10420,15,kyogre,0.35638297872340424,,slowbro,1.0,,general_scoring,"[('switch', 'arceusghost', 255.0), ('move', 'earthquake', 100.0), ('switch', 'zaciancrowned', 95.0), ('move', 'bodyslam', 85.0), ('move', 'terablast', 80.0), ('move', 'waterfall', 60.0), ('switch', 'eternatus', 5.0), ('switch', 'koraidon', -26.25)]",switch:arceusghost,255.0,True
battle-gen9ubers-10420,16,arceusghost,0.8009950248756219,,slowbro,1.0,,general_scoring,"[('move', 'judgment', 300.0), ('move', 'calmmind', 110.0), ('switch', 'zaciancrowned', 95.0), ('move', 'powergem', 80.0), ('move', 'aurasphere', 40.0), ('switch', 'kyogre', 15.0), ('switch', 'eternatus', 5.0), ('switch', 'koraidon', -26.25)]",move:judgment,300.0,True
battle-gen9ubers-10420,17,arceusghost,0.8009950248756219,,cyclizar,1.0,,general_scoring,"[('switch', 'zaciancrowned', 185.0), ('move', 'aurasphere', 160.0), ('switch', 'eternatus', 155.0), ('move', 'calmmind', 110.0), ('switch', 'koraidon', 92.5), ('move', 'powergem', 80.0), ('switch', 'kyogre', 15.0), ('move', 'judgment', 0.0)]",switch:zaciancrowned,185.0,True
battle-gen9ubers-10420,18,zaciancrowned,0.6307692307692307,,cyclizar,0.94,,general_scoring,"[('move', 'closecombat', 240.0), ('switch', 'eternatus', 155.0), ('move', 'behemothblade', 150.0), ('move', 'swordsdance', 110.0), ('switch', 'koraidon', 92.5), ('switch', 'arceusghost', 75.0), ('move', 'wildcharge', 45.0), ('switch', 'kyogre', 15.0)]",move:closecombat,240.0,True
battle-gen9ubers-10420,19,zaciancrowned,0.6307692307692307,,zapdosgalar,1.0,,general_scoring,"[('move', 'wildcharge', 180.0), ('move', 'behemothblade', 150.0), ('move', 'swordsdance', 110.0), ('switch', 'arceusghost', 65.0), ('switch', 'eternatus', 65.0), ('move', 'closecombat', 60.0), ('switch', 'kyogre', 35.0), ('switch', 'koraidon', -25.0)]",move:wildcharge,180.0,True
battle-gen9ubers-10420,19,zaciancrowned,0,FNT,zapdosgalar,1.0,,forced_switch,[],switch:arceusghost,,True
battle-gen9ubers-10420,20,arceusghost,0.8009950248756219,,zapdosgalar,1.0,,general_scoring,"[('move', 'judgment', 150.0), ('move', 'calmmind', 110.0), ('move', 'powergem', 80.0), ('switch', 'eternatus', 65.0), ('move', 'aurasphere', 40.0), ('switch', 'kyogre', 35.0), ('switch', 'koraidon', -25.0)]",move:judgment,150.0,False
battle-gen9ubers-10420,21,arceusghost,0.8009950248756219,,rotomheat,0.94,,general_scoring,"[('switch', 'kyogre', 295.0), ('switch', 'eternatus', 185.0), ('move', 'powergem', 160.0), ('move', 'judgment', 150.0), ('move', 'calmmind', 110.0), ('move', 'aurasphere', 80.0), ('switch', 'koraidon', 63.75)]",switch:kyogre,295.0,True
battle-gen9ubers-10420,21,kyogre,0,FNT,rotomheat,0.94,,forced_switch,[],switch:eternatus,,False
battle-gen9ubers-10420,22,eternatus,1.0,,rotomheat,0.94,,general_scoring,"[('move', 'meteorbeam', 240.0), ('move', 'dynamaxcannon', 150.0), ('move', 'sludgebomb', 135.0), ('switch', 'arceusghost', 75.0), ('switch', 'koraidon', 63.75), ('move', 'fireblast', 55.0)]",move:meteorbeam,240.0,True
battle-gen9ubers-10421,1,ribombee,1.0,,mukalola,1.0,,ribombee_opening,[],move:stickyweb,,True
battle-gen9ubers-10421,2,ribombee,0.0038314176245210726,,mukalola,1.0,,ribombee_opening,[],move:uturn,,True
battle-gen9ubers-10421,2,ribombee,0.0038314176245210726,,mukalola,0.86,,forced_switch,[],switch:kyogre,,True
battle-gen9ubers-10421,3,kyogre,0.7180851063829787,,mukalola,0.93,,general_scoring,"[('move', 'earthquake', 200.0), ('move', 'waterfall', 120.0), ('switch', 'zaciancrowned', 95.0), ('move', 'bodyslam', 85.0), ('move', 'terablast', 80.0), ('switch', 'eternatus', 65.0), ('switch', 'koraidon', 35.0), ('switch', 'ribombee', -2.5), ('switch', 'arceusghost', -65.0)]",move:earthquake,200.0,True
battle-gen9ubers-10421,4,kyogre,0.7180851063829787,,volcanion,1.0,,general_scoring,"[('switch', 'eternatus', 225.0), ('move', 'earthquake', 200.0), ('switch', 'arceusghost', 75.0), ('switch', 'koraidon', 63.75), ('switch', 'zaciancrowned', 35.0), ('switch', 'ribombee', -73.75)]",switch:eternatus,225.0,False
battle-gen9ubers-10421,5,eternatus,0.6009501187648456,,volcanion,1.0,,general_scoring,"[('move', 'meteorbeam', 240.0), ('move', 'dynamaxcannon', 150.0), ('switch', 'kyogre', 145.0), ('move', 'sludgebomb', 135.0), ('switch', 'arceusghost', 75.0), ('switch', 'koraidon', 63.75), ('switch', 'zaciancrowned', 35.0), ('move', 'fireblast', 27.5), ('switch', 'ribombee', -73.75)]",move:meteorbeam,240.0,True
battle-gen9ubers-10421,6,eternatus,0.6009501187648456,,chesnaught,1.0,,general_scoring,"[('move', 'sludgebomb', 270.0), ('switch', 'ribombee', 270.0), ('move', 'fireblast', 220.0), ('switch', 'koraidon', 155.0), ('move', 'dynamaxcannon', 150.0), ('switch', 'arceusghost', 65.0), ('switch', 'zaciancrowned', 65.0), ('move', 'meteorbeam', 60.0), ('switch', 'kyogre', -60.0)]",move:sludgebomb,270.0,True
battle-gen9ubers-10421,7,eternatus,0.40617577197149646,,chesnaught,1.0,,general_scoring,"[('move', 'sludgebomb', 270.0), ('switch', 'ribombee', 270.0), ('move', 'fireblast', 220.0), ('switch', 'koraidon', 155.0), ('move', 'dynamaxcannon', 150.0), ('switch', 'arceusghost', 65.0), ('switch', 'zaciancrowned', 65.0), ('move', 'meteorbeam', 60.0), ('switch', 'kyogre', -60.0)]",move:sludgebomb,270.0,True
battle-gen9ubers-10421,8,eternatus,0.24228028503562946,,chesnaught,1.0,,general_scoring,"[('move', 'sludgebomb', 270.0), ('switch', 'ribombee', 270.0), ('move', 'fireblast', 220.0), ('switch', 'koraidon', 155.0), ('move', 'dynamaxcannon', 150.0), ('switch', 'arceusghost', 65.0), ('switch', 'zaciancrowned', 65.0), ('move', 'meteorbeam', 60.0), ('switch', 'kyogre', -60.0)]",move:sludgebomb,270.0,True
battle-gen9ubers-10421,9,eternatus,0.06175771971496437,,chesnaught,1.0,,general_scoring,"[('move', 'sludgebomb', 270.0), ('switch', 'ribombee', 270.0), ('move', 'fireblast', 220.0), ('switch', 'koraidon', 155.0), ('move', 'dynamaxcannon', 150.0), ('switch', 'arceusghost', 65.0), ('switch', 'zaciancrowned', 65.0), ('move', 'meteorbeam', 60.0), ('switch', 'kyogre', -60.0)]",move:sludgebomb,270.0,True
battle-gen9ubers-10421,9,eternatus,0,FNT,chesnaught,1.0,,forced_switch,[],switch:ribombee,,True
battle-gen9ubers-10421,10,ribombee,0.0038314176245210726,,chesnaught,1.0,,general_scoring,"[('move', 'moonblast', 285.0), ('switch', 'koraidon', 155.0), ('move', 'uturn', 105.0), ('switch', 'arceusghost', 65.0), ('switch', 'zaciancrowned', 65.0), ('move', 'stunspore', 30.0), ('move', 'stickyweb', 10.0), ('switch', 'kyogre', -60.0)]",move:moonblast,285.0,True
battle-gen9ubers-10421,10,ribombee,0,FNT,chesnaught,0.06,,forced_switch,[],switch:koraidon,,True
battle-gen9ubers-10421,11,koraidon,1.0,,chesnaught,0.06,,hard_ko,[],move:scaleshot,,True
battle-gen9ubers-10421,12,koraidon,1.0,,bronzong,1.0,,general_scoring,"[('switch', 'arceusghost', 255.0), ('move', 'flareblitz', 240.0), ('switch', 'kyogre', 115.0), ('move', 'swordsdance', 110.0), ('move', 'scaleshot', 59.375), ('switch', 'zaciancrowned', 35.0), ('move', 'taunt', 10.0)]",switch:arceusghost,255.0,True
battle-gen9ubers-10421,13,arceusghost,1.0,,bronzong,1.0,,general_scoring,"[('move', 'judgment', 300.0), ('switch', 'kyogre', 115.0), ('move', 'calmmind', 110.0), ('switch', 'koraidon', 95.0), ('move', 'aurasphere', 80.0), ('move', 'powergem', 40.0), ('switch', 'zaciancrowned', 35.0)]",move:judgment,300.0,True
battle-gen9ubers-10421,14,arceusghost,1.0,,zapdosgalar,1.0,,general_scoring,"[('move', 'judgment', 150.0), ('move', 'calmmind', 110.0), ('switch', 'zaciancrowned', 95.0), ('move', 'powergem', 80.0), ('move', 'aurasphere', 40.0), ('switch', 'kyogre', 35.0), ('switch', 'koraidon', -25.0)]",move:judgment,150.0,False
battle-gen9ubers-10421,15,arceusghost,0.5298507462686567,,entei,1.0,,general_scoring,"[('switch', 'kyogre', 185.0), ('move', 'powergem', 160.0), ('move', 'judgment', 150.0), ('move', 'calmmind', 110.0), ('move', 'aurasphere', 80.0), ('switch', 'koraidon', 63.75), ('switch', 'zaciancrowned', -25.0)]",switch:kyogre,185.0,False
battle-gen9ubers-10421,16,kyogre,0.32180851063829785,,entei,0.87,,general_scoring,"[('move', 'waterfall', 240.0), ('move', 'earthquake', 200.0), ('move', 'bodyslam', 85.0), ('move', 'terablast', 80.0), ('switch', 'arceusghost', 75.0), ('switch', 'koraidon', 63.75), ('switch', 'zaciancrowned', -25.0)]",move:waterfall,240.0,False
battle-gen9ubers-10421,16,kyogre,0,FNT,entei,0.77,,forced_switch,[],switch:arceusghost,,False
battle-gen9ubers-10421,17,arceusghost,0.5298507462686567,,entei,0.77,,general_scoring,"[('move', 'powergem', 160.0), ('move', 'judgment', 150.0), ('move', 'calmmind', 110.0), ('move', 'aurasphere', 80.0), ('switch', 'koraidon', 63.75), ('switch', 'zaciancrowned', -25.0)]",move:powergem,160.0,False
battle-gen9ubers-10422,1,ribombee,1.0,,bronzong,1.0,,ribombee_opening,[],move:stickyweb,,True
battle-gen9ubers-10422,2,ribombee,0.8505747126436781,,bronzong,1.0,,ribombee_opening,[],move:uturn,,True
battle-gen9ubers-10422,2,ribombee,0.8505747126436781,,bronzong,0.92,,forced_switch,[],switch:arceusghost,,True
battle-gen9ubers-10422,3,arceusghost,1.0,,bronzong,0.98,,general_scoring,"[('move', 'judgment', 300.0), ('switch', 'kyogre', 115.0), ('move', 'calmmind', 110.0), ('switch', 'koraidon', 95.0), ('move', 'aurasphere', 80.0), ('switch', 'eternatus', 75.0), ('move', 'powergem', 40.0), ('switch', 'zaciancrowned', 35.0), ('switch', 'ribombee', -40.0)]",move:judgment,300.0,True
battle-gen9ubers-10422,4,arceusghost,1.0,,mukalola,1.0,,general_scoring,"[('switch', 'kyogre', 155.0), ('move', 'calmmind', 110.0), ('switch', 'zaciancrowned', 95.0), ('move', 'aurasphere', 80.0), ('move', 'powergem', 80.0), ('move', 'judgment', 75.0), ('switch', 'eternatus', 65.0), ('switch', 'koraidon', 35.0), ('switch', 'ribombee', -2.5)]",switch:kyogre,155.0,True
battle-gen9ubers-10422,5,kyogre,0.5957446808510638,PSN,mukalola,1.0,,general_scoring,"[('move', 'earthquake', 200.0), ('move', 'waterfall', 120.0), ('switch', 'zaciancrowned', 95.0), ('move', 'bodyslam', 85.0), ('move', 'terablast', 80.0), ('switch', 'eternatus', 65.0), ('switch', 'koraidon', 35.0), ('switch', 'ribombee', -2.5), ('switch', 'arceusghost', -65.0)]",move:earthquake,200.0,True
battle-gen9ubers-10422,6,kyogre,0.47074468085106386,PSN,zapdosgalar,1.0,,general_scoring,"[('switch', 'ribombee', 180.0), ('switch', 'zaciancrowned', 95.0), ('switch', 'eternatus', 65.0), ('switch', 'arceusghost', 65.0), ('move', 'earthquake', 0.0), ('switch', 'koraidon', -25.0)]",switch:ribombee,180.0,False
battle-gen9ubers-10422,6,ribombee,0,FNT,zapdosgalar,0.78,,forced_switch,[],switch:zaciancrowned,,True
battle-gen9ubers-10422,7,zaciancrowned,1.0,,zapdosgalar,0.78,,general_scoring,"[('move', 'wildcharge', 180.0), ('move', 'behemothblade', 150.0), ('move', 'swordsdance', 110.0), ('switch', 'eternatus', 65.0), ('switch', 'arceusghost', 65.0), ('move', 'closecombat', 60.0), ('switch', 'kyogre', 35.0), ('switch', 'koraidon', -25.0)]",move:wildcharge,180.0,True
battle-gen9ubers-10422,8,zaciancrowned,0.5384615384615384,,chesnaught,1.0,,general_scoring,"[('switch', 'eternatus', 215.0), ('switch', 'koraidon', 155.0), ('move', 'behemothblade', 150.0), ('move', 'closecombat', 120.0), ('move', 'swordsdance', 110.0), ('switch', 'arceusghost', 65.0), ('move', 'wildcharge', 45.0), ('switch', 'kyogre', -60.0)]",switch:eternatus,215.0,True
battle-gen9ubers-10422,9,eternatus,0.828978622327791,,chesnaught,1.0,,general_scoring,"[('move', 'sludgebomb', 270.0), ('move', 'fireblast', 220.0), ('switch', 'koraidon', 155.0), ('move', 'dynamaxcannon', 150.0), ('switch', 'zaciancrowned', 65.0), ('switch', 'arceusghost', 65.0), ('move', 'meteorbeam', 60.0), ('switch', 'kyogre', -60.0)]",move:sludgebomb,270.0,True
battle-gen9ubers-10422,10,eternatus,0.665083135391924,,chesnaught,1.0,,general_scoring,"[('move', 'sludgebomb', 270.0), ('move', 'fireblast', 220.0), ('switch', 'koraidon', 155.0), ('move', 'dynamaxcannon', 150.0), ('switch', 'zaciancrowned', 65.0), ('switch', 'arceusghost', 65.0), ('move', 'meteorbeam', 60.0), ('switch', 'kyogre', -60.0)]",move:sludgebomb,270.0,True
battle-gen9ubers-10422,11,eternatus,0.47743467933491684,,chesnaught,1.0,,general_scoring,"[('move', 'sludgebomb', 270.0), ('move', 'fireblast', 220.0), ('switch', 'koraidon', 155.0), ('move', 'dynamaxcannon', 150.0), ('switch', 'zaciancrowned', 65.0), ('switch', 'arceusghost', 65.0), ('move', 'meteorbeam', 60.0), ('switch', 'kyogre', -60.0)]",move:sludgebomb,270.0,True
battle-gen9ubers-10422,12,eternatus,0.2992874109263658,,chesnaught,1.0,,general_scoring,"[('move', 'sludgebomb', 270.0), ('move', 'fireblast', 220.0), ('switch', 'koraidon', 155.0), ('move', 'dynamaxcannon', 150.0), ('switch', 'zaciancrowned', 65.0), ('switch', 'arceusghost', 65.0), ('move', 'meteorbeam', 60.0), ('switch', 'kyogre', -60.0)]",move:sludgebomb,270.0,True
battle-gen9ubers-10422,13,eternatus,0.11401425178147269,,chesnaught,1.0,,general_scoring,"[('move', 'sludgebomb', 270.0), ('move', 'fireblast', 220.0), ('switch', 'koraidon', 155.0), ('move', 'dynamaxcannon', 150.0), ('switch', 'zaciancrowned', 65.0), ('switch', 'arceusghost', 65.0), ('move', 'meteorbeam', 60.0), ('switch', 'kyogre', -60.0)]",move:sludgebomb,270.0,True
battle-gen9ubers-10422,13,eternatus,0,FNT,chesnaught,1.0,,forced_switch,[],switch:koraidon,,True
battle-gen9ubers-10422,14,koraidon,1.0,,chesnaught,1.0,,general_scoring,"[('move', 'flareblitz', 240.0), ('move', 'scaleshot', 118.75), ('move', 'swordsdance', 110.0), ('switch', 'zaciancrowned', 65.0), ('switch', 'arceusghost', 65.0), ('move', 'taunt', 10.0), ('switch', 'kyogre', -60.0)]",move:flareblitz,240.0,True
battle-gen9ubers-10422,15,koraidon,0.11143695014662756,,chesnaught,0.02,,hard_ko,[],move:scaleshot,,True
battle-gen9ubers-10422,16,koraidon,0.11143695014662756,,volcanion,1.0,,general_scoring,"[('switch', 'kyogre', 145.0), ('move', 'scaleshot', 118.75), ('move', 'swordsdance', 110.0), ('switch', 'arceusghost', 75.0), ('switch', 'zaciancrowned', 35.0), ('move', 'flareblitz', 30.0), ('move', 'taunt', 10.0)]",switch:kyogre,145.0,True
battle-gen9ubers-10422,17,kyogre,0.005319148936170213,PSN,volcanion,1.0,,general_scoring,"[('move', 'earthquake', 200.0), ('move', 'waterfall', 120.0), ('move', 'bodyslam', 85.0), ('move', 'terablast', 80.0), ('switch', 'arceusghost', 75.0), ('switch', 'koraidon', 63.75), ('switch', 'zaciancrowned', 35.0)]",move:earthquake,200.0,False
battle-gen9ubers-10422,17,kyogre,0,FNT,volcanion,0.08,,forced_switch,[],switch:arceusghost,,False
battle-gen9ubers-10422,18,arceusghost,1.0,,volcanion,0.08,,hard_ko,[],move:powergem,,True
battle-gen9ubers-10422,19,arceusghost,1.0,,entei,1.0,,general_scoring,"[('move', 'powergem', 160.0), ('move', 'judgment', 150.0), ('move', 'calmmind', 110.0), ('move', 'aurasphere', 80.0), ('switch', 'koraidon', 63.75), ('switch', 'zaciancrowned', -25.0)]",move:powergem,160.0,False
battle-gen9ubers-10422,20,arceusghost,1.0,,entei,0.39,,hard_ko,[],move:powergem,,False
battle-gen9ubers-10423,1,ribombee,1.0,,entei,1.0,,ribombee_opening,[],move:stickyweb,,True
battle-gen9ubers-10423,2,ribombee,0.1724137931034483,,entei,0.81,,ribombee_opening,[],move:uturn,,True
battle-gen9ubers-10423,2,ribombee,0.1724137931034483,,entei,0.74,,forced_switch,[],switch:eternatus,,True
battle-gen9ubers-10423,3,eternatus,0.6460807600950119,,entei,0.61,,general_scoring,"[('move', 'meteorbeam', 240.0), ('switch', 'kyogre', 185.0), ('move', 'dynamaxcannon', 150.0), ('move', 'sludgebomb', 135.0), ('switch', 'arceusghost', 75.0), ('switch', 'koraidon', 63.75), ('move', 'fireblast', 55.0), ('switch', 'zaciancrowned', -25.0), ('switch', 'ribombee', -73.75)]",move:meteorbeam,240.0,True
battle-gen9ubers-10423,4,eternatus,0.6460807600950119,,volcanion,1.0,,general_scoring,"[('move', 'meteorbeam', 240.0), ('move', 'dynamaxcannon', 150.0), ('switch', 'kyogre', 145.0), ('move', 'sludgebomb', 135.0), ('switch', 'arceusghost', 75.0), ('switch', 'koraidon', 63.75), ('switch', 'zaciancrowned', 35.0), ('move', 'fireblast', 27.5), ('switch', 'ribombee', -73.75)]",move:meteorbeam,240.0,True
battle-gen9ubers-10423,5,eternatus,0.332541567695962,BRN,volcanion,1.0,,general_scoring,"[('move', 'meteorbeam', 240.0)]",move:meteorbeam,240.0,True
battle-gen9ubers-10423,6,eternatus,0.27078384798099764,BRN,mukalola,1.0,,general_scoring,"[('switch', 'kyogre', 155.0), ('move', 'dynamaxcannon', 150.0), ('move', 'meteorbeam', 120.0), ('move', 'fireblast', 110.0), ('switch', 'zaciancrowned', 95.0), ('move', 'sludgebomb', 67.5), ('switch', 'koraidon', 35.0), ('switch', 'ribombee', -2.5), ('switch', 'arceusghost', -65.0)]",switch:kyogre,155.0,True
battle-gen9ubers-10423,7,kyogre,0.5638297872340425,PSN,mukalola,1.0,,general_scoring,"[('move', 'earthquake', 200.0), ('move', 'waterfall', 120.0), ('switch', 'zaciancrowned', 95.0), ('move', 'bodyslam', 85.0), ('move', 'terablast', 80.0), ('switch', 'eternatus', 65.0), ('switch', 'koraidon', 35.0), ('switch', 'ribombee', -2.5), ('switch', 'arceusghost', -65.0)]",move:earthquake,200.0,True
battle-gen9ubers-10423,8,kyogre,0.43882978723404253,PSN,chesnaught,1.0,,general_scoring,"[('switch', 'ribombee', 270.0), ('switch', 'eternatus', 215.0), ('switch', 'koraidon', 155.0), ('switch', 'arceusghost', 65.0), ('switch', 'zaciancrowned', 65.0), ('move', 'earthquake', 50.0)]",switch:ribombee,270.0,True
battle-gen9ubers-10423,8,ribombee,0,FNT,chesnaught,1.0,,forced_switch,[],switch:eternatus,,True
battle-gen9ubers-10423,9,eternatus,0.27078384798099764,BRN,chesnaught,1.0,,general_scoring,"[('move', 'sludgebomb', 270.0), ('move', 'fireblast', 220.0), ('switch', 'koraidon', 155.0), ('move', 'dynamaxcannon', 150.0), ('switch', 'arceusghost', 65.0), ('switch', 'zaciancrowned', 65.0), ('move', 'meteorbeam', 60.0), ('switch', 'kyogre', -60.0)]",move:sludgebomb,270.0,True
battle-gen9ubers-10423,10,eternatus,0.014251781472684086,BRN,chesnaught,1.0,,general_scoring,"[('move', 'sludgebomb', 270.0), ('move', 'fireblast', 220.0), ('switch', 'koraidon', 155.0), ('move', 'dynamaxcannon', 150.0), ('switch', 'arceusghost', 65.0), ('switch', 'zaciancrowned', 65.0), ('move', 'meteorbeam', 60.0), ('switch', 'kyogre', -60.0)]",move:sludgebomb,270.0,True
battle-gen9ubers-10423,10,eternatus,0,FNT,chesnaught,1.0,,forced_switch,[],switch:koraidon,,True
battle-gen9ubers-10423,11,koraidon,1.0,,chesnaught,1.0,,general_scoring,"[('move', 'flareblitz', 240.0), ('move', 'scaleshot', 118.75), ('move', 'swordsdance', 110.0), ('switch', 'arceusghost', 65.0), ('switch', 'zaciancrowned', 65.0), ('move', 'taunt', 10.0), ('switch', 'kyogre', -60.0)]",move:flareblitz,240.0,True
battle-gen9ubers-10423,12,koraidon,0.46920821114369504,,bronzong,1.0,,general_scoring,"[('switch', 'arceusghost', 255.0), ('move', 'flareblitz', 240.0), ('switch', 'kyogre', 115.0), ('move', 'swordsdance', 110.0), ('move', 'scaleshot', 59.375), ('switch', 'zaciancrowned', 35.0), ('move', 'taunt', 10.0)]",switch:arceusghost,255.0,True
battle-gen9ubers-10423,13,arceusghost,1.0,,bronzong,1.0,,general_scoring,"[('move', 'judgment', 300.0), ('switch', 'kyogre', 115.0), ('move', 'calmmind', 110.0), ('switch', 'koraidon', 95.0), ('move', 'aurasphere', 80.0), ('move', 'powergem', 40.0), ('switch', 'zaciancrowned', 35.0)]",move:judgment,300.0,True
battle-gen9ubers-10423,14,arceusghost,1.0,,zapdosgalar,1.0,,general_scoring,"[('move', 'judgment', 150.0), ('move', 'calmmind', 110.0), ('switch', 'zaciancrowned', 95.0), ('move', 'powergem', 80.0), ('move', 'aurasphere', 40.0), ('switch', 'kyogre', 35.0), ('switch', 'koraidon', -25.0)]",move:judgment,150.0,False
battle-gen9ubers-10423,15,arceusghost,0.5348258706467661,,zapdosgalar,0.04,,hard_ko,[],move:judgment,,False
battle-gen9ubers-10424,1,ribombee,1.0,,koraidon,1.0,,ribombee_opening,[],move:stickyweb,,False
battle-gen9ubers-10424,2,ribombee,0.0038314176245210726,,koraidon,0.91,,ribombee_opening,[],move:uturn,,False
battle-gen9ubers-10424,2,ribombee,0.0038314176245210726,,eternatus,0.93,,forced_switch,[],switch:eternatus,,True
battle-gen9ubers-10424,3,eternatus,1.0,,eternatus,0.93,,general_scoring,"[('move', 'dynamaxcannon', 300.0), ('switch', 'zaciancrowned', 125.0), ('move', 'meteorbeam', 120.0), ('switch', 'kyogre', 115.0), ('switch', 'koraidon', 92.5), ('move', 'sludgebomb', 67.5), ('switch', 'arceusghost', 65.0), ('move', 'fireblast', 55.0), ('switch', 'ribombee', -2.5)]",move:dynamaxcannon,300.0,True
battle-gen9ubers-10424,4,eternatus,1.0,,zaciancrowned,1.0,,general_scoring,"[('move', 'fireblast', 220.0), ('switch', 'kyogre', 115.0), ('switch', 'arceusghost', 65.0), ('switch', 'zaciancrowned', 65.0), ('move', 'meteorbeam', 60.0), ('move', 'sludgebomb', 0.0), ('move', 'dynamaxcannon', 0.0), ('switch', 'koraidon', -25.0), ('switch', 'ribombee', -73.75)]",move:fireblast,220.0,True
battle-gen9ubers-10424,5,eternatus,0.7885985748218527,,zaciancrowned,0.94,,general_scoring,"[('move', 'fireblast', 220.0), ('switch', 'kyogre', 115.0), ('switch', 'arceusghost', 65.0), ('switch', 'zaciancrowned', 65.0), ('move', 'meteorbeam', 60.0), ('move', 'sludgebomb', 0.0), ('move', 'dynamaxcannon', 0.0), ('switch', 'koraidon', -25.0), ('switch', 'ribombee', -73.75)]",move:fireblast,220.0,True
battle-gen9ubers-10424,6,eternatus,0.7885985748218527,,deoxysspeed,0.15,,hard_ko,[],move:dynamaxcannon,,True
battle-gen9ubers-10424,7,eternatus,0.7885985748218527,,koraidon,0.91,,general_scoring,"[('move', 'meteorbeam', 240.0), ('switch', 'kyogre', 185.0), ('move', 'dynamaxcannon', 150.0), ('move', 'sludgebomb', 135.0), ('switch', 'arceusghost', 75.0), ('switch', 'koraidon', 63.75), ('move', 'fireblast', 55.0), ('switch', 'zaciancrowned', -25.0), ('switch', 'ribombee', -33.75)]",move:meteorbeam,240.0,True
battle-gen9ubers-10424,7,eternatus,0,FNT,koraidon,0.81,,forced_switch,[],switch:kyogre,,False
battle-gen9ubers-10424,8,kyogre,1.0,,koraidon,0.81,,general_scoring,"[('move', 'waterfall', 240.0), ('move', 'earthquake', 200.0), ('move', 'bodyslam', 85.0), ('move', 'terablast', 80.0), ('switch', 'arceusghost', 75.0), ('switch', 'koraidon', 63.75), ('switch', 'zaciancrowned', -25.0), ('switch', 'ribombee', -33.75)]",move:waterfall,240.0,False
battle-gen9ubers-10424,9,kyogre,0.6356382978723404,,eternatus,0.93,,general_scoring,"[('switch', 'zaciancrowned', 125.0), ('switch', 'koraidon', 92.5), ('switch', 'arceusghost', 65.0), ('move', 'waterfall', 60.0), ('switch', 'ribombee', -2.5)]",switch:zaciancrowned,125.0,False
battle-gen9ubers-10424,10,zaciancrowned,1.0,,eternatus,0.93,,general_scoring,"[('move', 'behemothblade', 150.0), ('switch', 'kyogre', 115.0), ('move', 'swordsdance', 110.0), ('switch', 'koraidon', 92.5), ('switch', 'arceusghost', 65.0), ('move', 'closecombat', 60.0), ('move', 'wildcharge', 45.0), ('switch', 'ribombee', -2.5)]",move:behemothblade,150.0,False
battle-gen9ubers-10424,11,zaciancrowned,1.0,,eternatus,0.26,,hard_ko,[],move:behemothblade,,False
battle-gen9ubers-10424,12,zaciancrowned,1.0,,arceusfairy,1.0,,general_scoring,"[('move', 'behemothblade', 300.0), ('move', 'swordsdance', 110.0), ('move', 'wildcharge', 90.0), ('switch', 'arceusghost', 65.0), ('move', 'closecombat', 60.0), ('switch', 'ribombee', 57.5), ('switch', 'kyogre', 35.0), ('switch', 'koraidon', -145.0)]",move:behemothblade,300.0,True
battle-gen9ubers-10424,13,zaciancrowned,1.0,,arceusfairy,0.01,,hard_ko,[],move:behemothblade,,True
battle-gen9ubers-10424,14,zaciancrowned,1.0,,zaciancrowned,0.94,,general_scoring,"[('move', 'behemothblade', 150.0), ('move', 'closecombat', 120.0), ('switch', 'kyogre', 115.0), ('move', 'swordsdance', 110.0), ('move', 'wildcharge', 90.0), ('switch', 'arceusghost', 65.0), ('switch', 'koraidon', -25.0), ('switch', 'ribombee', -73.75)]",move:behemothblade,150.0,True
battle-gen9ubers-10424,15,zaciancrowned,1.0,,zaciancrowned,0.14,,hard_ko,[],move:behemothblade,,True
battle-gen9ubers-10424,16,zaciancrowned,1.0,,kingambit,1.0,,hard_ko,[],move:closecombat,,True
battle-gen9ubers-10425,1,ribombee,1.0,,kingambit,1.0,,ribombee_opening,[],move:stickyweb,,True
battle-gen9ubers-10425,2,ribombee,1.0,,arceusfairy,1.0,,ribombee_opening,[],move:stunspore,,True
battle-gen9ubers-10425,3,ribombee,0.12643678160919541,,arceusfairy,1.0,PAR,general_scoring,"[('switch', 'eternatus', 225.0), ('switch', 'kyogre', 185.0), ('switch', 'arceusghost', 75.0), ('move', 'moonblast', 71.25), ('switch', 'koraidon', 63.75), ('move', 'uturn', 52.5), ('move', 'stunspore', 10.0), ('move', 'stickyweb', 10.0), ('switch', 'zaciancrowned', -25.0)]",switch:eternatus,225.0,True
battle-gen9ubers-10425,4,eternatus,1.0,,zaciancrowned,1.0,,general_scoring,"[('move', 'fireblast', 220.0), ('switch', 'kyogre', 115.0), ('switch', 'arceusghost', 65.0), ('switch', 'zaciancrowned', 65.0), ('move', 'meteorbeam', 60.0), ('move', 'sludgebomb', 0.0), ('move', 'dynamaxcannon', 0.0), ('switch', 'koraidon', -25.0), ('switch', 'ribombee', -73.75)]",move:fireblast,220.0,True
battle-gen9ubers-10425,5,eternatus,1.0,,zaciancrowned,0.14,,hard_ko,[],move:fireblast,,True
battle-gen9ubers-10425,6,eternatus,1.0,,arceusfairy,1.0,PAR,general_scoring,"[('move', 'meteorbeam', 240.0), ('switch', 'kyogre', 185.0), ('move', 'dynamaxcannon', 150.0), ('move', 'sludgebomb', 135.0), ('switch', 'arceusghost', 75.0), ('switch', 'koraidon', 63.75), ('move', 'fireblast', 55.0), ('switch', 'zaciancrowned', -25.0), ('switch', 'ribombee', -73.75)]",move:meteorbeam,240.0,True
battle-gen9ubers-10425,7,eternatus,1.0,,arceusfairy,1.0,PAR,general_scoring,"[('move', 'meteorbeam', 240.0), ('switch', 'kyogre', 185.0), ('move', 'dynamaxcannon', 150.0), ('move', 'sludgebomb', 135.0), ('switch', 'arceusghost', 75.0), ('switch', 'koraidon', 63.75), ('move', 'fireblast', 55.0), ('switch', 'zaciancrowned', -25.0), ('switch', 'ribombee', -73.75)]",move:meteorbeam,240.0,True
battle-gen9ubers-10425,8,eternatus,1.0,,koraidon,1.0,,general_scoring,"[('move', 'meteorbeam', 60.0)]",move:meteorbeam,60.0,True
battle-gen9ubers-10425,9,eternatus,1.0,,kingambit,0.42,,hard_ko,[],move:fireblast,,True
battle-gen9ubers-10425,10,eternatus,1.0,,eternatus,0.46,,hard_ko,[],move:dynamaxcannon,,True
battle-gen9ubers-10425,11,eternatus,1.0,,deoxysspeed,1.0,,general_scoring,"[('switch', 'arceusghost', 255.0), ('move', 'dynamaxcannon', 150.0), ('move', 'sludgebomb', 135.0), ('switch', 'ribombee', 125.0), ('move', 'meteorbeam', 120.0), ('move', 'fireblast', 110.0), ('switch', 'zaciancrowned', 95.0), ('switch', 'kyogre', 35.0), ('switch', 'koraidon', -25.0)]",switch:arceusghost,255.0,True
battle-gen9ubers-10425,12,arceusghost,1.0,,deoxysspeed,1.0,,general_scoring,"[('move', 'judgment', 300.0), ('switch', 'ribombee', 125.0), ('switch', 'zaciancrowned', 95.0), ('move', 'powergem', 80.0), ('move', 'aurasphere', 40.0), ('switch', 'kyogre', 35.0), ('switch', 'eternatus', 5.0), ('switch', 'koraidon', -25.0)]",move:judgment,300.0,False
battle-gen9ubers-10425,13,arceusghost,0.6492537313432836,,deoxysspeed,0.01,,hard_ko,[],move:judgment,,False
battle-gen9ubers-10425,14,arceusghost,0.6492537313432836,,arceusfairy,1.0,PAR,general_scoring,"[('switch', 'eternatus', 225.0), ('switch', 'kyogre', 185.0), ('move', 'powergem', 160.0), ('move', 'judgment', 150.0), ('move', 'calmmind', 110.0), ('move', 'aurasphere', 80.0), ('switch', 'koraidon', 63.75), ('switch', 'zaciancrowned', -25.0), ('switch', 'ribombee', -73.75)]",switch:eternatus,225.0,True
battle-gen9ubers-10425,15,eternatus,0.8764845605700713,,arceusfairy,1.0,PAR,general_scoring,"[('move', 'meteorbeam', 240.0), ('switch', 'kyogre', 185.0), ('move', 'dynamaxcannon', 150.0), ('move', 'sludgebomb', 135.0), ('switch', 'arceusghost', 75.0), ('switch', 'koraidon', 63.75), ('move', 'fireblast', 55.0), ('switch', 'zaciancrowned', -25.0), ('switch', 'ribombee', -73.75)]",move:meteorbeam,240.0,True
battle-gen9ubers-10425,16,eternatus,0.8764845605700713,,arceusfairy,1.0,PAR,general_scoring,"[('move', 'meteorbeam', 240.0)]",move:meteorbeam,240.0,True
battle-gen9ubers-10425,17,eternatus,0.8764845605700713,,arceusfairy,0.49,PAR,hard_ko,[],move:meteorbeam,,True
battle-gen9ubers-10425,18,eternatus,0.8764845605700713,,eternatus,0.46,,general_scoring,"[('move', 'meteorbeam', 120.0)]",move:meteorbeam,120.0,True
battle-gen9ubers-10425,19,eternatus,0.8764845605700713,,arceusfairy,0.49,PAR,hard_ko,[],move:meteorbeam,,True
battle-gen9ubers-10425,20,eternatus,0.8764845605700713,,arceusfairy,0.99,PAR,general_scoring,"[('move', 'meteorbeam', 240.0)]",move:meteorbeam,240.0,True
battle-gen9ubers-10425,21,eternatus,0.8764845605700713,,eternatus,0.46,,hard_ko,[],move:dynamaxcannon,,True
battle-gen9ubers-10426,1,ribombee,1.0,,eternatus,1.0,,ribombee_opening,[],move:stickyweb,,False
battle-gen9ubers-10426,2,ribombee,0.0038314176245210726,,eternatus,1.0,,ribombee_opening,[],move:uturn,,False
battle-gen9ubers-10426,2,ribombee,0.0038314176245210726,,eternatus,0.95,,forced_switch,[],switch:eternatus,,False
battle-gen9ubers-10426,3,eternatus,1.0,,eternatus,0.95,,general_scoring,"[('move', 'meteorbeam', 240.0), ('switch', 'kyogre', 185.0), ('move', 'dynamaxcannon', 150.0), ('move', 'sludgebomb', 135.0), ('switch', 'arceusghost', 75.0), ('switch', 'koraidon', 63.75), ('move', 'fireblast', 55.0), ('switch', 'zaciancrowned', -25.0), ('switch', 'ribombee', -73.75)]",move:meteorbeam,240.0,False
battle-gen9ubers-10426,4,eternatus,1.0,,kingambit,0.56,,hard_ko,[],move_tera:fireblast,,True
battle-gen9ubers-10426,5,eternatus,1.0,,arceusfairy,1.0,,general_scoring,"[('switch', 'zaciancrowned', 245.0), ('move', 'sludgebomb', 180.0), ('move', 'fireblast', 165.0), ('move', 'meteorbeam', 120.0), ('switch', 'arceusghost', 65.0), ('switch', 'ribombee', 57.5), ('switch', 'kyogre', 35.0), ('move', 'dynamaxcannon', 0.0), ('switch', 'koraidon', -145.0)]",switch:zaciancrowned,245.0,True
battle-gen9ubers-10426,6,zaciancrowned,1.0,,eternatus,0.95,,general_scoring,"[('switch', 'eternatus', 225.0), ('switch', 'kyogre', 185.0), ('move', 'closecombat', 120.0), ('move', 'wildcharge', 90.0), ('move', 'behemothblade', 75.0), ('switch', 'arceusghost', 75.0), ('switch', 'koraidon', 63.75), ('move', 'swordsdance', 0.0), ('switch', 'ribombee', -73.75)]",switch:eternatus,225.0,True
battle-gen9ubers-10426,6,eternatus,0,FNT,eternatus,0.95,,forced_switch,[],switch:kyogre,,True
battle-gen9ubers-10426,7,kyogre,1.0,,eternatus,0.95,,general_scoring,"[('move', 'waterfall', 240.0), ('move', 'earthquake', 200.0), ('move', 'bodyslam', 85.0), ('move', 'terablast', 80.0), ('switch', 'arceusghost', 75.0), ('switch', 'koraidon', 63.75), ('switch', 'zaciancrowned', -25.0), ('switch', 'ribombee', -73.75)]",move:waterfall,240.0,False
battle-gen9ubers-10426,8,kyogre,1.0,,arceusfairy,1.0,,general_scoring,"[('switch', 'zaciancrowned', 245.0), ('move', 'waterfall', 120.0), ('switch', 'arceusghost', 65.0), ('switch', 'ribombee', 57.5), ('switch', 'koraidon', -145.0)]",switch:zaciancrowned,245.0,False
battle-gen9ubers-10426,9,zaciancrowned,1.0,,kingambit,0.56,,hard_ko,[],move:closecombat,,True
battle-gen9ubers-10426,10,zaciancrowned,1.0,,zaciancrowned,1.0,,general_scoring,"[('move', 'behemothblade', 150.0), ('move', 'closecombat', 120.0), ('switch', 'kyogre', 115.0), ('move', 'swordsdance', 110.0), ('move', 'wildcharge', 90.0), ('switch', 'arceusghost', 65.0), ('switch', 'koraidon', -25.0), ('switch', 'ribombee', -73.75)]",move:behemothblade,150.0,True
battle-gen9ubers-10426,10,zaciancrowned,0,FNT,zaciancrowned,0.22,,forced_switch,[],switch:kyogre,,True
battle-gen9ubers-10426,11,kyogre,1.0,,zaciancrowned,0.22,,hard_ko,[],move:earthquake,,False
battle-gen9ubers-10426,11,kyogre,0,FNT,zaciancrowned,0,FNT,forced_switch,[],switch:arceusghost,,False
battle-gen9ubers-10426,12,arceusghost,1.0,,arceusfairy,1.0,,general_scoring,"[('move', 'judgment', 150.0), ('move', 'calmmind', 110.0), ('move', 'powergem', 80.0), ('switch', 'ribombee', 57.5), ('move', 'aurasphere', 40.0), ('switch', 'koraidon', -145.0)]",move:judgment,150.0,True
battle-gen9ubers-10426,13,arceusghost,1.0,,arceusfairy,0.54,,general_scoring,"[('move', 'judgment', 150.0), ('move', 'powergem', 80.0), ('switch', 'ribombee', 57.5), ('move', 'aurasphere', 40.0), ('switch', 'koraidon', -145.0)]",move:judgment,150.0,True
battle-gen9ubers-10426,14,arceusghost,0.6194029850746269,,arceusfairy,0.12,,hard_ko,[],move:judgment,,True
battle-gen9ubers-10426,15,arceusghost,0.6194029850746269,,koraidon,1.0,,general_scoring,"[('switch', 'ribombee', 570.0), ('move', 'judgment', 150.0), ('switch', 'koraidon', 92.5), ('move', 'aurasphere', 80.0), ('move', 'powergem', 40.0)]",switch:ribombee,570.0,True
battle-gen9ubers-10426,16,ribombee,0.0038314176245210726,,deoxysspeed,1.0,,general_scoring,"[('switch', 'arceusghost', 255.0), ('move', 'uturn', 210.0), ('move', 'moonblast', 142.5), ('move', 'stunspore', 30.0), ('move', 'stickyweb', 10.0), ('switch', 'koraidon', -25.0)]",switch:arceusghost,255.0,True
battle-gen9ubers-10426,17,arceusghost,0.6194029850746269,,deoxysspeed,1.0,,general_scoring,"[('move', 'judgment', 300.0), ('switch', 'ribombee', 125.0), ('move', 'calmmind', 110.0), ('move', 'powergem', 80.0), ('move', 'aurasphere', 40.0), ('switch', 'koraidon', -25.0)]",move:judgment,300.0,False
battle-gen9ubers-10426,18,arceusghost,0.6194029850746269,,deoxysspeed,0.01,,hard_ko,[],move:judgment,,False
battle-gen9ubers-10426,19,arceusghost,0.6194029850746269,PAR,koraidon,1.0,,general_scoring,"[('switch', 'ribombee', 570.0), ('move', 'judgment', 150.0), ('move', 'calmmind', 110.0), ('switch', 'koraidon', 92.5), ('move', 'aurasphere', 80.0), ('move', 'powergem', 40.0)]",switch:ribombee,570.0,False
battle-gen9ubers-10426,19,ribombee,0,FNT,koraidon,1.0,,forced_switch,[],switch:koraidon,,True
battle-gen9ubers-10426,20,koraidon,0.8357771260997068,,koraidon,1.0,,general_scoring,"[('move', 'scaleshot', 237.5), ('move', 'swordsdance', 110.0), ('switch', 'arceusghost', 65.0), ('move', 'flareblitz', 60.0), ('move', 'taunt', 10.0)]",move:scaleshot,237.5,True
battle-gen9ubers-10427,1,ribombee,1.0,,greattusk,1.0,,ribombee_opening,[],move:stickyweb,,True
battle-gen9ubers-10427,2,ribombee,0.6551724137931034,,greattusk,1.0,,ribombee_opening,[],move:stunspore,,True
battle-gen9ubers-10427,3,ribombee,0.6551724137931034,,garganacl,1.0,,general_scoring,"[('switch', 'zaciancrowned', 245.0), ('switch', 'kyogre', 155.0), ('move', 'moonblast', 142.5), ('move', 'uturn', 105.0), ('switch', 'arceusghost', 75.0), ('switch', 'eternatus', 65.0), ('switch', 'koraidon', 63.75), ('move', 'stunspore', 30.0), ('move', 'stickyweb', 10.0)]",switch:zaciancrowned,245.0,True
battle-gen9ubers-10427,4,zaciancrowned,1.0,,ogerponwellspring,1.0,,general_scoring,"[('switch', 'eternatus', 255.0), ('switch', 'ribombee', 125.0), ('move', 'closecombat', 120.0), ('move', 'swordsdance', 110.0), ('move', 'wildcharge', 90.0), ('move', 'behemothblade', 75.0), ('switch', 'koraidon', 65.0), ('switch', 'arceusghost', 65.0), ('switch', 'kyogre', -60.0)]",switch:eternatus,255.0,True
battle-gen9ubers-10427,5,eternatus,0.6935866983372921,,ogerponwellspring,1.0,,general_scoring,"[('move', 'sludgebomb', 270.0), ('move', 'dynamaxcannon', 150.0), ('switch', 'ribombee', 125.0), ('move', 'meteorbeam', 120.0), ('move', 'fireblast', 110.0), ('switch', 'koraidon', 65.0), ('switch', 'arceusghost', 65.0), ('switch', 'zaciancrowned', 35.0), ('switch', 'kyogre', -60.0)]",move:sludgebomb,270.0,True
battle-gen9ubers-10427,6,eternatus,0.6935866983372921,,greattusk,1.0,,general_scoring,"[('switch', 'ribombee', 270.0), ('switch', 'kyogre', 155.0), ('move', 'dynamaxcannon', 150.0), ('move', 'fireblast', 110.0), ('move', 'sludgebomb', 67.5), ('switch', 'arceusghost', 65.0), ('switch', 'koraidon', 35.0), ('move', 'meteorbeam', 30.0), ('switch', 'zaciancrowned', 5.0)]",switch:ribombee,270.0,True
battle-gen9ubers-10427,7,ribombee,0.12260536398467432,,greattusk,1.0,,general_scoring,"[('switch', 'zaciancrowned', 245.0), ('move', 'moonblast', 142.5), ('move', 'uturn', 105.0), ('switch', 'koraidon', 95.0), ('switch', 'eternatus', 95.0), ('move', 'stickyweb', 80.0), ('switch', 'arceusghost', 75.0), ('switch', 'kyogre', 65.0), ('move', 'stunspore', 30.0)]",switch:zaciancrowned,245.0,False
battle-gen9ubers-10427,8,zaciancrowned,0.8153846153846154,,greattusk,1.0,,general_scoring,"[('move', 'behemothblade', 300.0), ('move', 'closecombat', 240.0), ('move', 'swordsdance', 110.0), ('switch', 'ribombee', 97.5), ('switch', 'koraidon', 95.0), ('switch', 'eternatus', 95.0), ('move', 'wildcharge', 90.0), ('switch', 'arceusghost', 75.0), ('switch', 'kyogre', 65.0)]",move:behemothblade,300.0,False
battle-gen9ubers-10427,8,zaciancrowned,0,FNT,greattusk,1.0,,forced_switch,[],switch:ribombee,,False
battle-gen9ubers-10427,9,ribombee,0.12260536398467432,,greattusk,1.0,,general_scoring,"[('move', 'moonblast', 142.5), ('move', 'uturn', 105.0), ('switch', 'koraidon', 95.0), ('switch', 'eternatus', 95.0), ('move', 'stickyweb', 80.0), ('switch', 'arceusghost', 75.0), ('switch', 'kyogre', 65.0), ('move', 'stunspore', 30.0)]",move:moonblast,142.5,False
battle-gen9ubers-10427,9,ribombee,0,FNT,greattusk,1.0,,forced_switch,[],switch:koraidon,,False
battle-gen9ubers-10427,10,koraidon,1.0,,greattusk,1.0,,general_scoring,"[('move', 'flareblitz', 240.0), ('move', 'scaleshot', 118.75), ('move', 'taunt', 95.0), ('switch', 'eternatus', 95.0), ('switch', 'arceusghost', 75.0), ('switch', 'kyogre', 65.0), ('move', 'swordsdance', 0.0)]",move:flareblitz,240.0,False
battle-gen9ubers-10427,11,koraidon,0.4838709677419355,,dragonite,1.0,,general_scoring,"[('move', 'scaleshot', 237.5), ('switch', 'eternatus', 195.0), ('move', 'swordsdance', 110.0), ('switch', 'arceusghost', 75.0), ('move', 'flareblitz', 60.0), ('move', 'taunt', 10.0), ('switch', 'kyogre', 0.0)]",move:scaleshot,237.5,True
battle-gen9ubers-10427,12,koraidon,0.4838709677419355,,moltres,0.33,,general_scoring,"[('switch', 'eternatus', 435.0), ('switch', 'arceusghost', 235.0), ('switch', 'kyogre', 155.0), ('move', 'scaleshot', 118.75), ('move', 'swordsdance', 110.0), ('move', 'flareblitz', 60.0), ('move', 'taunt', 10.0)]",switch:eternatus,435.0,True
battle-gen9ubers-10427,13,eternatus,0.6318289786223278,BRN,moltres,0.33,,hard_ko,[],move:meteorbeam,,True
battle-gen9ubers-10427,14,eternatus,0.19002375296912113,BRN,moltres,0.19,,hard_ko,[],move:meteorbeam,,True
battle-gen9ubers-10427,15,eternatus,0.12826603325415678,BRN,dragonite,1.0,,general_scoring,"[('move', 'dynamaxcannon', 300.0), ('move', 'meteorbeam', 240.0), ('move', 'sludgebomb', 135.0), ('switch', 'koraidon', 92.5), ('switch', 'arceusghost', 75.0), ('move', 'fireblast', 55.0), ('switch', 'kyogre', 0.0)]",move:dynamaxcannon,300.0,True
battle-gen9ubers-10427,15,eternatus,0,FNT,dragonite,1.0,,forced_switch,[],switch:koraidon,,False
battle-gen9ubers-10427,16,koraidon,0.4838709677419355,,dragonite,1.0,,general_scoring,"[('move', 'scaleshot', 237.5), ('move', 'swordsdance', 110.0), ('switch', 'arceusghost', 75.0), ('move', 'flareblitz', 60.0), ('move', 'taunt', 10.0), ('switch', 'kyogre', 0.0)]",move:scaleshot,237.5,False
battle-gen9ubers-10427,17,koraidon,0.21700879765395895,,moltres,0.19,,hard_ko,[],move:scaleshot,,True
battle-gen9ubers-10427,18,koraidon,0.21700879765395895,,garganacl,1.0,,general_scoring,"[('switch', 'kyogre', 155.0), ('move', 'scaleshot', 118.75), ('move', 'swordsdance', 110.0), ('switch', 'arceusghost', 75.0), ('move', 'flareblitz', 60.0), ('move', 'taunt', 10.0)]",switch:kyogre,155.0,True
battle-gen9ubers-10427,19,kyogre,1.0,,garganacl,1.0,,general_scoring,"[('move', 'waterfall', 240.0), ('move', 'earthquake', 200.0), ('switch', 'arceusghost', 75.0), ('switch', 'koraidon', 63.75), ('move', 'bodyslam', 42.5), ('move', 'terablast', 40.0)]",move:waterfall,240.0,True
battle-gen9ubers-10428,1,ribombee,1.0,,moltres,1.0,,ribombee_opening,[],move:stickyweb,,True
battle-gen9ubers-10428,2,ribombee,1.0,,garganacl,1.0,,ribombee_opening,[],move:uturn,,True
battle-gen9ubers-10428,2,ribombee,1.0,,garganacl,0.96,,forced_switch,[],switch:zaciancrowned,,True
battle-gen9ubers-10428,3,zaciancrowned,0.6923076923076923,,garganacl,1.0,,general_scoring,"[('move', 'behemothblade', 300.0), ('switch', 'eternatus', 185.0), ('move', 'swordsdance', 110.0), ('move', 'wildcharge', 90.0), ('switch', 'arceusghost', 65.0), ('move', 'closecombat', 60.0), ('switch', 'ribombee', 57.5), ('switch', 'kyogre', 35.0), ('switch', 'koraidon', -145.0)]",move:behemothblade,300.0,True
battle-gen9ubers-10428,4,zaciancrowned,0.4430769230769231,,ogerponwellspring,1.0,,general_scoring,"[('switch', 'eternatus', 255.0), ('switch', 'ribombee', 125.0), ('move', 'closecombat', 120.0), ('move', 'swordsdance', 110.0), ('move', 'wildcharge', 90.0), ('move', 'behemothblade', 75.0), ('switch', 'koraidon', 65.0), ('switch', 'arceusghost', 65.0), ('switch', 'kyogre', -60.0)]",switch:eternatus,255.0,True
battle-gen9ubers-10428,5,eternatus,1.0,,ogerponwellspring,1.0,,general_scoring,"[('move', 'sludgebomb', 270.0), ('move', 'dynamaxcannon', 150.0), ('switch', 'ribombee', 125.0), ('move', 'meteorbeam', 120.0), ('move', 'fireblast', 110.0), ('switch', 'koraidon', 65.0), ('switch', 'arceusghost', 65.0), ('switch', 'zaciancrowned', 35.0), ('switch', 'kyogre', -60.0)]",move:sludgebomb,270.0,True
battle-gen9ubers-10428,6,eternatus,1.0,,greattusk,0.55,,general_scoring,"[('switch', 'ribombee', 270.0), ('switch', 'kyogre', 155.0), ('move', 'dynamaxcannon', 150.0), ('move', 'fireblast', 110.0), ('move', 'sludgebomb', 67.5), ('switch', 'arceusghost', 65.0), ('switch', 'koraidon', 35.0), ('move', 'meteorbeam', 30.0), ('switch', 'zaciancrowned', 5.0)]",switch:ribombee,270.0,True
battle-gen9ubers-10428,7,ribombee,0.8773946360153256,,ogerponwellspring,1.0,,general_scoring,"[('switch', 'eternatus', 255.0), ('move', 'uturn', 210.0), ('move', 'moonblast', 142.5), ('switch', 'koraidon', 65.0), ('switch', 'arceusghost', 65.0), ('switch', 'zaciancrowned', 35.0), ('move', 'stunspore', 30.0), ('move', 'stickyweb', 10.0), ('switch', 'kyogre', -60.0)]",switch:eternatus,255.0,True
battle-gen9ubers-10428,8,eternatus,0.8764845605700713,,moltres,1.0,,hard_ko,[],move:meteorbeam,,True
battle-gen9ubers-10428,9,eternatus,0.8764845605700713,,darkrai,1.0,,general_scoring,"[('switch', 'ribombee', 270.0), ('switch', 'zaciancrowned', 185.0), ('move', 'dynamaxcannon', 150.0), ('move', 'sludgebomb', 135.0), ('move', 'meteorbeam', 120.0), ('move', 'fireblast', 110.0), ('switch', 'koraidon', 65.0), ('switch', 'kyogre', 35.0), ('switch', 'arceusghost', 15.0)]",switch:ribombee,270.0,True
battle-gen9ubers-10428,10,ribombee,0.7547892720306514,,dragonite,1.0,,general_scoring,"[('move', 'moonblast', 285.0), ('switch', 'eternatus', 195.0), ('switch', 'zaciancrowned', 95.0), ('switch', 'koraidon', 92.5), ('switch', 'arceusghost', 75.0), ('move', 'uturn', 52.5), ('move', 'stunspore', 30.0), ('move', 'stickyweb', 10.0), ('switch', 'kyogre', 0.0)]",move:moonblast,285.0,True
battle-gen9ubers-10428,11,ribombee,0.7547892720306514,,darkrai,1.0,,general_scoring,"[('move', 'moonblast', 285.0), ('move', 'uturn', 210.0), ('switch', 'zaciancrowned', 185.0), ('switch', 'koraidon', 65.0), ('switch', 'eternatus', 65.0), ('switch', 'kyogre', 35.0), ('move', 'stunspore', 30.0), ('switch', 'arceusghost', 15.0), ('move', 'stickyweb', 10.0)]",move:moonblast,285.0,True
battle-gen9ubers-10428,12,ribombee,0.7547892720306514,,ogerponwellspring,0.5,,hard_ko,[],move:uturn,,True
battle-gen9ubers-10428,12,ribombee,0.7547892720306514,,ogerponwellspring,0.14,,forced_switch,[],switch:eternatus,,True
battle-gen9ubers-10428,13,eternatus,0.7529691211401425,,ogerponwellspring,0.14,,hard_ko,[],move:sludgebomb,,True
battle-gen9ubers-10428,14,eternatus,0.7529691211401425,,darkrai,1.0,,general_scoring,"[('switch', 'ribombee', 270.0), ('switch', 'zaciancrowned', 185.0), ('move', 'dynamaxcannon', 150.0), ('move', 'sludgebomb', 135.0), ('move', 'meteorbeam', 120.0), ('move', 'fireblast', 110.0), ('switch', 'koraidon', 65.0), ('switch', 'kyogre', 35.0), ('switch', 'arceusghost', 15.0)]",switch:ribombee,270.0,True
battle-gen9ubers-10428,14,ribombee,0,FNT,darkrai,1.0,,forced_switch,[],switch:zaciancrowned,,True
battle-gen9ubers-10428,15,zaciancrowned,0.27692307692307694,,darkrai,1.0,,general_scoring,"[('move', 'closecombat', 240.0), ('move', 'behemothblade', 150.0), ('move', 'swordsdance', 110.0), ('move', 'wildcharge', 90.0), ('switch', 'koraidon', 65.0), ('switch', 'eternatus', 65.0), ('switch', 'kyogre', 35.0), ('switch', 'arceusghost', 15.0)]",move:closecombat,240.0,True
battle-gen9ubers-10428,16,zaciancrowned,0.27692307692307694,,dragonite,1.0,,general_scoring,"[('switch', 'eternatus', 195.0), ('move', 'behemothblade', 150.0), ('move', 'swordsdance', 110.0), ('switch', 'koraidon', 92.5), ('move', 'wildcharge', 90.0), ('switch', 'arceusghost', 75.0), ('move', 'closecombat', 60.0), ('switch', 'kyogre', 0.0)]",switch:eternatus,195.0,True
battle-gen9ubers-10428,17,eternatus,0.34441805225653205,,dragonite,1.0,,general_scoring,"[('move', 'dynamaxcannon', 300.0), ('move', 'meteorbeam', 240.0), ('move', 'sludgebomb', 135.0), ('switch', 'zaciancrowned', 95.0), ('switch', 'koraidon', 92.5), ('switch', 'arceusghost', 75.0), ('move', 'fireblast', 55.0), ('switch', 'kyogre', 0.0)]",move:dynamaxcannon,300.0,False
battle-gen9ubers-10428,18,eternatus,0.34441805225653205,,dragonite,0.33,,hard_ko,[],move:dynamaxcannon,,False
battle-gen9ubers-10429,1,ribombee,1.0,,greattusk,1.0,,ribombee_opening,[],move:stickyweb,,True
battle-gen9ubers-10429,2,ribombee,0.1417624521072797,,greattusk,1.0,,ribombee_opening,[],move:stunspore,,True
battle-gen9ubers-10429,3,ribombee,0.1417624521072797,,moltres,1.0,PAR,general_scoring,"[('switch', 'eternatus', 435.0), ('switch', 'arceusghost', 235.0), ('switch', 'kyogre', 155.0), ('move', 'moonblast', 71.25), ('switch', 'zaciancrowned', 35.0), ('move', 'uturn', 26.25), ('move', 'stunspore', 10.0), ('move', 'stickyweb', 10.0), ('switch', 'koraidon', -26.25)]",switch:eternatus,435.0,True
battle-gen9ubers-10429,4,eternatus,0.8717339667458432,,moltres,1.0,PAR,hard_ko,[],move:meteorbeam,,True
battle-gen9ubers-10429,5,eternatus,0.8717339667458432,,darkrai,1.0,,general_scoring,"[('switch', 'ribombee', 270.0), ('switch', 'zaciancrowned', 185.0), ('move', 'dynamaxcannon', 150.0), ('move', 'sludgebomb', 135.0), ('move', 'meteorbeam', 120.0), ('move', 'fireblast', 110.0), ('switch', 'koraidon', 65.0), ('switch', 'kyogre', 35.0), ('switch', 'arceusghost', 15.0)]",switch:ribombee,270.0,True
battle-gen9ubers-10429,5,ribombee,0,FNT,darkrai,1.0,,forced_switch,[],switch:zaciancrowned,,True
battle-gen9ubers-10429,6,zaciancrowned,1.0,,darkrai,1.0,,general_scoring,"[('move', 'behemothblade', 150.0), ('switch', 'kyogre', 115.0), ('move', 'swordsdance', 110.0), ('switch', 'arceusghost', 95.0), ('switch', 'eternatus', 95.0), ('move', 'wildcharge', 90.0), ('move', 'closecombat', 60.0), ('switch', 'koraidon', 35.0)]",move:behemothblade,150.0,True
battle-gen9ubers-10429,7,zaciancrowned,1.0,,greattusk,0.34,,hard_ko,[],move:behemothblade,,True
battle-gen9ubers-10429,8,zaciancrowned,1.0,,moltres,0.66,PAR,general_scoring,"[('switch', 'eternatus', 435.0), ('switch', 'arceusghost', 235.0), ('move', 'wildcharge', 180.0), ('switch', 'kyogre', 155.0), ('move', 'swordsdance', 110.0), ('move', 'behemothblade', 75.0), ('move', 'closecombat', 60.0), ('switch', 'koraidon', -26.25)]",switch:eternatus,435.0,True
battle-gen9ubers-10429,9,eternatus,0.8717339667458432,,greattusk,0.34,,hard_ko,[],move:dynamaxcannon,,True
battle-gen9ubers-10429,10,eternatus,0.8717339667458432,,darkrai,1.0,,general_scoring,"[('move', 'dynamaxcannon', 150.0), ('switch', 'zaciancrowned', 125.0), ('move', 'meteorbeam', 120.0), ('switch', 'kyogre', 115.0), ('move', 'fireblast', 110.0), ('switch', 'arceusghost', 95.0), ('move', 'sludgebomb', 67.5), ('switch', 'koraidon', 35.0)]",move:dynamaxcannon,150.0,True
battle-gen9ubers-10429,11,eternatus,0.8717339667458432,,darkrai,0.15,,hard_ko,[],move:dynamaxcannon,,True
battle-gen9ubers-10429,12,eternatus,0.8717339667458432,,dragonite,0.35,,hard_ko,[],move:dynamaxcannon,,True
battle-gen9ubers-10429,13,eternatus,0.8717339667458432,,darkrai,0.15,,hard_ko,[],move:dynamaxcannon,,True
battle-gen9ubers-10429,14,eternatus,0.8717339667458432,,moltres,0.06,PAR,hard_ko,[],move:dynamaxcannon,,True
battle-gen9ubers-10429,15,eternatus,0.8717339667458432,,garganacl,1.0,,general_scoring,"[('switch', 'zaciancrowned', 245.0), ('switch', 'kyogre', 155.0), ('move', 'dynamaxcannon', 150.0), ('switch', 'arceusghost', 75.0), ('switch', 'koraidon', 63.75)]",switch:zaciancrowned,245.0,True
battle-gen9ubers-10429,16,zaciancrowned,1.0,,darkrai,0.15,,hard_ko,[],move:behemothblade,,True
battle-gen9ubers-10429,17,zaciancrowned,1.0,,ogerponwellspring,1.0,,general_scoring,"[('switch', 'eternatus', 255.0), ('move', 'closecombat', 120.0), ('move', 'swordsdance', 110.0), ('move', 'wildcharge', 90.0), ('move', 'behemothblade', 75.0), ('switch', 'koraidon', 65.0), ('switch', 'arceusghost', 65.0), ('switch', 'kyogre', -60.0)]",switch:eternatus,255.0,True
battle-gen9ubers-10429,18,eternatus,0.7482185273159145,,garganacl,1.0,,general_scoring,"[('switch', 'zaciancrowned', 245.0), ('switch', 'kyogre', 155.0), ('move', 'dynamaxcannon', 150.0), ('move', 'meteorbeam', 120.0), ('switch', 'arceusghost', 75.0), ('move', 'sludgebomb', 67.5), ('switch', 'koraidon', 63.75), ('move', 'fireblast', 55.0)]",switch:zaciancrowned,245.0,True
battle-gen9ubers-10429,19,zaciancrowned,1.0,,garganacl,1.0,,general_scoring,"[('move', 'behemothblade', 300.0), ('move', 'closecombat', 240.0), ('switch', 'kyogre', 155.0), ('move', 'swordsdance', 110.0), ('move', 'wildcharge', 90.0), ('switch', 'arceusghost', 75.0), ('switch', 'eternatus', 65.0), ('switch', 'koraidon', 63.75)]",move:behemothblade,300.0,True
battle-gen9ubers-10429,20,zaciancrowned,0.6892307692307692,,garganacl,0.35,,hard_ko,[],move:behemothblade,,True
battle-gen9ubers-10429,21,zaciancrowned,0.44,,ogerponwellspring,0.64,,general_scoring,"[('switch', 'eternatus', 255.0), ('move', 'closecombat', 120.0), ('move', 'swordsdance', 110.0), ('move', 'wildcharge', 90.0), ('move', 'behemothblade', 75.0), ('switch', 'koraidon', 65.0), ('switch', 'arceusghost', 65.0), ('switch', 'kyogre', -60.0)]",switch:eternatus,255.0,True
battle-gen9ubers-10429,22,eternatus,0.5106888361045131,,ogerponwellspring,0.64,,hard_ko,[],move:sludgebomb,,True
battle-gen9ubers-10429,23,eternatus,0.5106888361045131,,garganacl,0.35,,general_scoring,"[('switch', 'zaciancrowned', 245.0), ('switch', 'kyogre', 155.0), ('switch', 'arceusghost', 75.0), ('move', 'sludgebomb', 67.5), ('switch', 'koraidon', 63.75)]",switch:zaciancrowned,245.0,True
battle-gen9ubers-10429,24,zaciancrowned,0.44,,garganacl,0.91,,general_scoring,"[('move', 'behemothblade', 300.0), ('move', 'closecombat', 240.0), ('switch', 'kyogre', 155.0), ('move', 'swordsdance', 110.0), ('move', 'wildcharge', 90.0), ('switch', 'arceusghost', 75.0), ('switch', 'eternatus', 65.0), ('switch', 'koraidon', 63.75)]",move:behemothblade,300.0,True
battle-gen9ubers-10429,25,zaciancrowned,0.44,,garganacl,0.27,,hard_ko,[],move:behemothblade,,True
battle-gen9ubers-10430,1,ribombee,1.0,,clodsire,1.0,,ribombee_opening,[],move:stickyweb,,True
battle-gen9ubers-10430,2,ribombee,0.7126436781609196,,clodsire,1.0,,ribombee_opening,[],move:uturn,,True
battle-gen9ubers-10430,2,ribombee,0.7126436781609196,,clodsire,0.94,,forced_switch,[],switch:zaciancrowned,,True
battle-gen9ubers-10430,3,zaciancrowned,1.0,,clodsire,0.94,,general_scoring,"[('move', 'behemothblade', 300.0), ('switch', 'eternatus', 185.0), ('move', 'swordsdance', 110.0), ('move', 'wildcharge', 90.0), ('switch', 'kyogre', 75.0), ('switch', 'arceusghost', 65.0), ('move', 'closecombat', 60.0), ('switch', 'ribombee', 57.5), ('switch', 'koraidon', -145.0)]",move:behemothblade,300.0,True
battle-gen9ubers-10430,4,zaciancrowned,1.0,,rotomwash,0.84,,general_scoring,"[('switch', 'eternatus', 135.0), ('move', 'closecombat', 120.0), ('move', 'swordsdance', 110.0), ('move', 'wildcharge', 90.0), ('switch', 'arceusghost', 65.0), ('switch', 'koraidon', 63.75), ('switch', 'ribombee', 57.5), ('switch', 'kyogre', 55.0), ('move', 'behemothblade', 37.5)]",switch:eternatus,135.0,True
battle-gen9ubers-10430,5,eternatus,1.0,,metagross,1.0,,general_scoring,"[('switch', 'arceusghost', 255.0), ('move', 'fireblast', 220.0), ('switch', 'kyogre', 115.0), ('switch', 'koraidon', 95.0), ('move', 'dynamaxcannon', 75.0), ('move', 'meteorbeam', 60.0), ('switch', 'zaciancrowned', 35.0), ('move', 'sludgebomb', 0.0), ('switch', 'ribombee', -40.0)]",switch:arceusghost,255.0,True
battle-gen9ubers-10430,6,arceusghost,1.0,,cobalion,1.0,,general_scoring,"[('switch', 'koraidon', 195.0), ('move', 'aurasphere', 160.0), ('switch', 'zaciancrowned', 155.0), ('move', 'judgment', 150.0), ('switch', 'eternatus', 135.0), ('switch', 'kyogre', 115.0), ('move', 'calmmind', 110.0), ('move', 'powergem', 20.0), ('switch', 'ribombee', -2.5)]",switch:koraidon,195.0,True
battle-gen9ubers-10430,7,koraidon,1.0,PAR,cobalion,1.0,,general_scoring,"[('move', 'flareblitz', 240.0), ('switch', 'zaciancrowned', 155.0), ('switch', 'eternatus', 135.0), ('switch', 'kyogre', 115.0), ('move', 'swordsdance', 110.0), ('switch', 'arceusghost', 75.0), ('move', 'scaleshot', 59.375), ('move', 'taunt', 10.0), ('switch', 'ribombee', -2.5)]",move:flareblitz,240.0,False
battle-gen9ubers-10430,8,koraidon,0.7038123167155426,PAR,clodsire,0.94,,general_scoring,"[('switch', 'zaciancrowned', 245.0), ('switch', 'eternatus', 185.0), ('move', 'flareblitz', 120.0), ('move', 'swordsdance', 110.0), ('switch', 'kyogre', 75.0), ('switch', 'arceusghost', 65.0), ('switch', 'ribombee', 57.5), ('move', 'taunt', 10.0), ('move', 'scaleshot', 0.0)]",switch:zaciancrowned,245.0,True
battle-gen9ubers-10430,9,zaciancrowned,1.0,,rotomwash,0.9,,general_scoring,"[('switch', 'eternatus', 135.0), ('move', 'closecombat', 120.0), ('move', 'swordsdance', 110.0), ('move', 'wildcharge', 90.0), ('switch', 'arceusghost', 65.0), ('switch', 'koraidon', 63.75), ('switch', 'ribombee', 57.5), ('switch', 'kyogre', 55.0), ('move', 'behemothblade', 37.5)]",switch:eternatus,135.0,True
battle-gen9ubers-10430,10,eternatus,0.8218527315914489,,rotomwash,1.0,,general_scoring,"[('move', 'dynamaxcannon', 150.0), ('move', 'sludgebomb', 135.0), ('move', 'meteorbeam', 120.0), ('switch', 'arceusghost', 65.0), ('switch', 'koraidon', 63.75), ('switch', 'ribombee', 57.5), ('move', 'fireblast', 55.0), ('switch', 'kyogre', 55.0), ('switch', 'zaciancrowned', 35.0)]",move:dynamaxcannon,150.0,True
battle-gen9ubers-10430,11,eternatus,0.8218527315914489,,zarudedada,0.35,,hard_ko,[],move:sludgebomb,,True
battle-gen9ubers-10430,12,eternatus,0.8218527315914489,,tornadustherian,1.0,,general_scoring,"[('move', 'meteorbeam', 240.0), ('move', 'dynamaxcannon', 150.0), ('move', 'sludgebomb', 135.0), ('switch', 'zaciancrowned', 125.0), ('move', 'fireblast', 110.0), ('switch', 'arceusghost', 75.0), ('switch', 'kyogre', 35.0), ('switch', 'ribombee', -2.5), ('switch', 'koraidon', -25.0)]",move:meteorbeam,240.0,False
battle-gen9ubers-10430,13,eternatus,0.7220902612826603,,cobalion,1.0,,general_scoring,"[('move', 'fireblast', 220.0), ('switch', 'koraidon', 195.0), ('switch', 'zaciancrowned', 155.0), ('switch', 'kyogre', 115.0), ('move', 'dynamaxcannon', 75.0), ('switch', 'arceusghost', 75.0), ('move', 'meteorbeam', 30.0), ('move', 'sludgebomb', 0.0), ('switch', 'ribombee', -2.5)]",move:fireblast,220.0,True
battle-gen9ubers-10430,14,eternatus,0.7220902612826603,,tornadustherian,1.0,,general_scoring,"[('move', 'meteorbeam', 240.0), ('move', 'dynamaxcannon', 150.0), ('move', 'sludgebomb', 135.0), ('switch', 'zaciancrowned', 125.0), ('move', 'fireblast', 110.0), ('switch', 'arceusghost', 75.0), ('switch', 'kyogre', 35.0), ('switch', 'ribombee', -2.5), ('switch', 'koraidon', -25.0)]",move:meteorbeam,240.0,False
battle-gen9ubers-10430,15,eternatus,0.7220902612826603,,tornadustherian,1.0,,general_scoring,"[('move', 'meteorbeam', 240.0)]",move:meteorbeam,240.0,False
battle-gen9ubers-10430,16,eternatus,0.665083135391924,,rotomwash,0.25,,hard_ko,[],move:dynamaxcannon,,True
battle-gen9ubers-10430,17,eternatus,0.665083135391924,,rotomwash,0.25,,hard_ko,[],move:dynamaxcannon,,True
battle-gen9ubers-10430,18,eternatus,0.665083135391924,,clodsire,0.94,,general_scoring,"[('move', 'sludgebomb', 270.0), ('switch', 'zaciancrowned', 245.0), ('move', 'meteorbeam', 120.0), ('move', 'fireblast', 110.0), ('switch', 'kyogre', 75.0), ('switch', 'arceusghost', 65.0), ('switch', 'ribombee', 57.5), ('move', 'dynamaxcannon', 0.0), ('switch', 'koraidon', -145.0)]",move:sludgebomb,270.0,True
battle-gen9ubers-10431,1,ribombee,1.0,,tornadustherian,1.0,,ribombee_opening,[],move:stickyweb,,True
battle-gen9ubers-10431,2,ribombee,1.0,,tornadustherian,1.0,,ribombee_opening,[],move:uturn,,True
battle-gen9ubers-10431,2,ribombee,1.0,,tornadustherian,0.92,,forced_switch,[],switch:eternatus,,True
battle-gen9ubers-10431,3,eternatus,0.9334916864608076,,zarudedada,1.0,,general_scoring,"[('switch', 'ribombee', 405.0), ('move', 'sludgebomb', 270.0), ('move', 'fireblast', 220.0), ('switch', 'koraidon', 185.0), ('switch', 'zaciancrowned', 185.0), ('move', 'dynamaxcannon', 150.0), ('move', 'meteorbeam', 120.0), ('switch', 'arceusghost', 15.0), ('switch', 'kyogre', -60.0)]",switch:ribombee,405.0,True
battle-gen9ubers-10431,4,ribombee,1.0,,zarudedada,1.0,,hard_ko,[],move:uturn,,True
battle-gen9ubers-10431,4,ribombee,1.0,,zarudedada,0.91,,forced_switch,[],switch:zaciancrowned,,True
battle-gen9ubers-10431,5,zaciancrowned,1.0,,zarudedada,1.0,,general_scoring,"[('move', 'behemothblade', 300.0), ('switch', 'eternatus', 185.0), ('move', 'swordsdance', 110.0), ('switch', 'ribombee', 97.5), ('move', 'wildcharge', 90.0), ('switch', 'arceusghost', 65.0), ('move', 'closecombat', 60.0), ('switch', 'kyogre', 35.0), ('switch', 'koraidon', -145.0)]",move:behemothblade,300.0,True
battle-gen9ubers-10431,6,zaciancrowned,1.0,,metagross,1.0,,general_scoring,"[('switch', 'arceusghost', 255.0), ('move', 'closecombat', 120.0), ('switch', 'kyogre', 115.0), ('move', 'swordsdance', 110.0), ('switch', 'koraidon', 95.0), ('move', 'wildcharge', 90.0), ('move', 'behemothblade', 75.0), ('switch', 'eternatus', 75.0), ('switch', 'ribombee', -40.0)]",switch:arceusghost,255.0,True
battle-gen9ubers-10431,7,arceusghost,1.0,,cobalion,1.0,,general_scoring,"[('switch', 'koraidon', 195.0), ('move', 'aurasphere', 160.0), ('switch', 'zaciancrowned', 155.0), ('move', 'judgment', 150.0), ('switch', 'eternatus', 135.0), ('switch', 'kyogre', 115.0), ('move', 'calmmind', 110.0), ('move', 'powergem', 20.0), ('switch', 'ribombee', -2.5)]",switch:koraidon,195.0,True
battle-gen9ubers-10431,8,koraidon,1.0,,clodsire,1.0,,general_scoring,"[('switch', 'kyogre', 195.0), ('move', 'flareblitz', 120.0), ('move', 'scaleshot', 118.75), ('move', 'swordsdance', 110.0), ('switch', 'arceusghost', 65.0), ('move', 'taunt', 10.0), ('switch', 'zaciancrowned', 5.0), ('switch', 'eternatus', 5.0), ('switch', 'ribombee', -73.75)]",switch:kyogre,195.0,True
battle-gen9ubers-10431,9,kyogre,1.0,,clodsire,1.0,,general_scoring,"[('move', 'waterfall', 240.0), ('move', 'earthquake', 200.0), ('move', 'bodyslam', 85.0), ('move', 'terablast', 80.0), ('switch', 'arceusghost', 65.0), ('switch', 'koraidon', 35.0), ('switch', 'zaciancrowned', 5.0), ('switch', 'eternatus', 5.0), ('switch', 'ribombee', -73.75)]",move:waterfall,240.0,True
battle-gen9ubers-10431,10,kyogre,0.8351063829787234,,cobalion,0.36,,general_scoring,"[('switch', 'koraidon', 195.0), ('switch', 'zaciancrowned', 155.0), ('switch', 'eternatus', 135.0), ('move', 'waterfall', 120.0), ('switch', 'arceusghost', 75.0), ('switch', 'ribombee', -2.5)]",switch:koraidon,195.0,True
battle-gen9ubers-10431,11,koraidon,1.0,,rotomwash,1.0,,general_scoring,"[('switch', 'eternatus', 135.0), ('move', 'scaleshot', 118.75), ('move', 'swordsdance', 110.0), ('switch', 'arceusghost', 65.0), ('move', 'flareblitz', 60.0), ('switch', 'ribombee', 57.5), ('switch', 'kyogre', 55.0), ('switch', 'zaciancrowned', 35.0), ('move', 'taunt', 10.0)]",switch:eternatus,135.0,True
battle-gen9ubers-10431,12,eternatus,0.8242280285035629,,cobalion,0.36,,hard_ko,[],move:fireblast,,True
battle-gen9ubers-10431,13,eternatus,0.8242280285035629,PAR,cobalion,0.36,,hard_ko,[],move:fireblast,,False
battle-gen9ubers-10431,14,eternatus,0.8242280285035629,PAR,cobalion,0.36,,hard_ko,[],move:fireblast,,False
battle-gen9ubers-10431,15,eternatus,0.8242280285035629,PAR,tornadustherian,0.19,BRN,hard_ko,[],move:meteorbeam,,False
battle-gen9ubers-10431,16,eternatus,0.8242280285035629,PAR,tornadustherian,0.13,BRN,hard_ko,[],move:meteorbeam,,False
battle-gen9ubers-10431,17,eternatus,0.8242280285035629,PAR,tornadustherian,0.07,BRN,hard_ko,[],move:meteorbeam,,False
battle-gen9ubers-10431,18,eternatus,0.8242280285035629,PAR,clodsire,0.79,,general_scoring,"[('switch', 'kyogre', 195.0), ('move', 'dynamaxcannon', 150.0), ('move', 'fireblast', 110.0), ('switch', 'arceusghost', 65.0), ('move', 'meteorbeam', 60.0), ('switch', 'koraidon', 35.0), ('move', 'sludgebomb', 33.75), ('switch', 'zaciancrowned', 5.0), ('switch', 'ribombee', -73.75)]",switch:kyogre,195.0,True
battle-gen9ubers-10431,19,kyogre,0.7101063829787234,,clodsire,1.0,,general_scoring,"[('move', 'waterfall', 240.0), ('move', 'earthquake', 200.0), ('move', 'bodyslam', 85.0), ('move', 'terablast', 80.0), ('switch', 'arceusghost', 65.0), ('switch', 'koraidon', 35.0), ('switch', 'zaciancrowned', 5.0), ('switch', 'eternatus', 5.0), ('switch', 'ribombee', -73.75)]",move:waterfall,240.0,True
battle-gen9ubers-10431,20,kyogre,0.7101063829787234,,clodsire,1.0,,general_scoring,"[('move', 'waterfall', 240.0), ('switch', 'arceusghost', 65.0), ('switch', 'koraidon', 35.0), ('switch', 'zaciancrowned', 5.0), ('switch', 'eternatus', 5.0), ('switch', 'ribombee', -73.75)]",move:waterfall,240.0,True
battle-gen9ubers-10431,21,kyogre,0.7101063829787234,,rotomwash,1.0,,general_scoring,"[('switch', 'eternatus', 135.0), ('switch', 'arceusghost', 65.0), ('switch', 'koraidon', 63.75), ('move', 'waterfall', 60.0), ('switch', 'ribombee', 57.5), ('switch', 'zaciancrowned', 35.0)]",switch:eternatus,135.0,False
battle-gen9ubers-10431,22,eternatus,0.5866983372921615,PAR,cobalion,0.36,,hard_ko,[],move:fireblast,,False
battle-gen9ubers-10431,23,eternatus,0.5273159144893111,PAR,metagross,0.45,,hard_ko,[],move:fireblast,,False
battle-gen9ubers-10431,23,eternatus,0,FNT,metagross,0.45,,forced_switch,[],switch:arceusghost,,True
battle-gen9ubers-10431,24,arceusghost,0.8756218905472637,,metagross,0.45,,hard_ko,[],move:judgment,,True
battle-gen9ubers-10431,25,arceusghost,0.8756218905472637,,rotomwash,1.0,,general_scoring,"[('move', 'judgment', 150.0), ('move', 'calmmind', 110.0), ('move', 'aurasphere', 80.0), ('move', 'powergem', 80.0), ('switch', 'koraidon', 63.75), ('switch', 'ribombee', 57.5), ('switch', 'kyogre', 55.0), ('switch', 'zaciancrowned', 35.0)]",move:judgment,150.0,True
battle-gen9ubers-10431,26,arceusghost,0.8756218905472637,,clodsire,0.64,,general_scoring,"[('switch', 'kyogre', 195.0), ('move', 'judgment', 150.0), ('move', 'calmmind', 110.0), ('move', 'aurasphere', 40.0), ('move', 'powergem', 40.0), ('switch', 'koraidon', 35.0), ('switch', 'zaciancrowned', 5.0), ('switch', 'ribombee', -73.75)]",switch:kyogre,195.0,True
battle-gen9ubers-10431,27,kyogre,0.5851063829787234,,clodsire,0.64,,general_scoring,"[('move', 'waterfall', 240.0), ('move', 'earthquake', 200.0), ('move', 'bodyslam', 85.0), ('move', 'terablast', 80.0), ('switch', 'arceusghost', 65.0), ('switch', 'koraidon', 35.0), ('switch', 'zaciancrowned', 5.0), ('switch', 'ribombee', -73.75)]",move:waterfall,240.0,True
battle-gen9ubers-10431,28,kyogre,0.5851063829787234,,clodsire,0.88,,general_scoring,"[('move', 'waterfall', 240.0), ('switch', 'arceusghost', 65.0), ('switch', 'koraidon', 35.0), ('switch', 'zaciancrowned', 5.0), ('switch', 'ribombee', -73.75)]",move:waterfall,240.0,True
battle-gen9ubers-10431,29,kyogre,0.5851063829787234,,rotomwash,0.66,,general_scoring,"[('switch', 'arceusghost', 65.0), ('switch', 'koraidon', 63.75), ('move', 'waterfall', 60.0), ('switch', 'ribombee', 57.5), ('switch', 'zaciancrowned', 35.0)]",switch:arceusghost,65.0,False
battle-gen9ubers-10431,30,arceusghost,0.38308457711442784,,cobalion,0.36,,hard_ko,[],move:aurasphere,,True
battle-gen9ubers-10431,31,arceusghost,0.38308457711442784,,rotomwash,0.66,,general_scoring,"[('move', 'judgment', 150.0), ('move', 'calmmind', 110.0), ('move', 'aurasphere', 80.0), ('move', 'powergem', 80.0), ('switch', 'koraidon', 63.75), ('switch', 'ribombee', 57.5), ('switch', 'kyogre', 55.0), ('switch', 'zaciancrowned', 35.0)]",move:judgment,150.0,True
battle-gen9ubers-10431,32,arceusghost,0.38308457711442784,PAR,rotomwash,0.18,,hard_ko,[],move:judgment,,False
battle-gen9ubers-10431,33,arceusghost,0.38308457711442784,PAR,clodsire,0.5,,general_scoring,"[('switch', 'kyogre', 195.0), ('move', 'judgment', 150.0), ('move', 'calmmind', 110.0), ('move', 'aurasphere', 40.0), ('move', 'powergem', 40.0), ('switch', 'koraidon', 35.0), ('switch', 'zaciancrowned', 5.0), ('switch', 'ribombee', -73.75)]",switch:kyogre,195.0,True
battle-gen9ubers-10431,34,kyogre,0.06914893617021277,,clodsire,0.5,,hard_ko,[],move:waterfall,,True
battle-gen9ubers-10431,35,kyogre,0.06914893617021277,,clodsire,0.5,,hard_ko,[],move:waterfall,,True
battle-gen9ubers-10431,36,kyogre,0.06914893617021277,,clodsire,0.74,,general_scoring,"[('move', 'waterfall', 240.0), ('switch', 'arceusghost', 65.0), ('switch', 'koraidon', 35.0), ('switch', 'zaciancrowned', 5.0), ('switch', 'ribombee', -73.75)]",move:waterfall,240.0,True
battle-gen9ubers-10431,37,kyogre,0.06914893617021277,,clodsire,0.99,,general_scoring,"[('move', 'waterfall', 240.0), ('switch', 'arceusghost', 65.0), ('switch', 'koraidon', 35.0), ('switch', 'zaciancrowned', 5.0), ('switch', 'ribombee', -73.75)]",move:waterfall,240.0,True
battle-gen9ubers-10431,37,kyogre,0,FNT,clodsire,1.0,,forced_switch,[],switch:arceusghost,,True
battle-gen9ubers-10431,38,arceusghost,0.009950248756218905,PAR,clodsire,1.0,,general_scoring,"[('move', 'judgment', 150.0), ('move', 'calmmind', 110.0), ('move', 'aurasphere', 40.0), ('move', 'powergem', 40.0), ('switch', 'koraidon', 35.0), ('switch', 'zaciancrowned', 5.0), ('switch', 'ribombee', -73.75)]",move:judgment,150.0,True
battle-gen9ubers-10431,39,arceusghost,0.009950248756218905,PAR,clodsire,1.0,,general_scoring,"[('move', 'judgment', 150.0), ('move', 'calmmind', 110.0), ('move', 'aurasphere', 40.0), ('move', 'powergem', 40.0), ('switch', 'koraidon', 35.0), ('switch', 'zaciancrowned', 5.0), ('switch', 'ribombee', -73.75)]",move:judgment,150.0,True
battle-gen9ubers-10431,39,arceusghost,0,FNT,clodsire,0.63,,forced_switch,[],switch:koraidon,,True
battle-gen9ubers-10431,40,koraidon,0.6891495601173021,,clodsire,0.63,,general_scoring,"[('move', 'flareblitz', 120.0), ('move', 'scaleshot', 118.75), ('move', 'swordsdance', 110.0), ('move', 'taunt', 10.0), ('switch', 'zaciancrowned', 5.0), ('switch', 'ribombee', -73.75)]",move:flareblitz,120.0,True
battle-gen9ubers-10432,1,ribombee,1.0,,metagross,1.0,,ribombee_opening,[],move:stickyweb,,True
battle-gen9ubers-10432,2,ribombee,0.41762452107279696,,metagross,1.0,,ribombee_opening,[],move:uturn,,True
battle-gen9ubers-10432,2,ribombee,0.25287356321839083,,cobalion,0.98,,forced_switch,[],switch:koraidon,,True
battle-gen9ubers-10432,3,koraidon,1.0,,cobalion,0.98,,general_scoring,"[('move', 'flareblitz', 240.0), ('switch', 'zaciancrowned', 155.0), ('switch', 'eternatus', 135.0), ('switch', 'kyogre', 115.0), ('move', 'swordsdance', 110.0), ('switch', 'arceusghost', 75.0), ('move', 'scaleshot', 59.375), ('move', 'taunt', 10.0), ('switch', 'ribombee', -2.5)]",move:flareblitz,240.0,True
battle-gen9ubers-10432,4,koraidon,0.501466275659824,,tornadustherian,1.0,,general_scoring,"[('switch', 'eternatus', 195.0), ('switch', 'zaciancrowned', 125.0), ('move', 'flareblitz', 120.0), ('move', 'scaleshot', 118.75), ('move', 'swordsdance', 110.0), ('switch', 'arceusghost', 75.0), ('switch', 'kyogre', 35.0), ('move', 'taunt', 10.0), ('switch', 'ribombee', -2.5)]",switch:eternatus,195.0,True
battle-gen9ubers-10432,5,eternatus,1.0,,zarudedada,1.0,,general_scoring,"[('switch', 'ribombee', 405.0), ('move', 'sludgebomb', 270.0), ('move', 'fireblast', 220.0), ('switch', 'zaciancrowned', 185.0), ('switch', 'koraidon', 185.0), ('move', 'dynamaxcannon', 150.0), ('move', 'meteorbeam', 120.0), ('switch', 'arceusghost', 15.0), ('switch', 'kyogre', -60.0)]",switch:ribombee,405.0,True
battle-gen9ubers-10432,5,ribombee,0,FNT,zarudedada,1.0,,forced_switch,[],switch:eternatus,,True
battle-gen9ubers-10432,6,eternatus,1.0,,zarudedada,1.0,,general_scoring,"[('move', 'sludgebomb', 270.0), ('move', 'fireblast', 220.0), ('switch', 'zaciancrowned', 185.0), ('switch', 'koraidon', 185.0), ('move', 'dynamaxcannon', 150.0), ('move', 'meteorbeam', 120.0), ('switch', 'arceusghost', 15.0), ('switch', 'kyogre', -60.0)]",move:sludgebomb,270.0,True
battle-gen9ubers-10432,7,eternatus,1.0,,clodsire,1.0,,general_scoring,"[('switch', 'kyogre', 195.0), ('move', 'dynamaxcannon', 150.0), ('move', 'fireblast', 110.0), ('switch', 'arceusghost', 65.0), ('move', 'meteorbeam', 60.0), ('switch', 'koraidon', 35.0), ('move', 'sludgebomb', 33.75), ('switch', 'zaciancrowned', 5.0)]",switch:kyogre,195.0,True
battle-gen9ubers-10432,8,kyogre,1.0,,tornadustherian,1.0,,general_scoring,"[('switch', 'eternatus', 195.0), ('switch', 'zaciancrowned', 125.0), ('move', 'waterfall', 120.0), ('move', 'bodyslam', 85.0), ('move', 'terablast', 80.0), ('switch', 'arceusghost', 75.0), ('move', 'earthquake', 0.0), ('switch', 'koraidon', -25.0)]",switch:eternatus,195.0,False
battle-gen9ubers-10432,9,eternatus,0.8717339667458432,,tornadustherian,1.0,,general_scoring,"[('move', 'meteorbeam', 240.0), ('move', 'dynamaxcannon', 150.0), ('move', 'sludgebomb', 135.0), ('switch', 'zaciancrowned', 125.0), ('move', 'fireblast', 110.0), ('switch', 'arceusghost', 75.0), ('switch', 'kyogre', 35.0), ('switch', 'koraidon', -25.0)]",move:meteorbeam,240.0,False
battle-gen9ubers-10432,10,eternatus,0.8717339667458432,,metagross,1.0,,general_scoring,"[('move', 'fireblast', 220.0), ('switch', 'zaciancrowned', 155.0), ('switch', 'koraidon', 155.0), ('switch', 'kyogre', 145.0), ('switch', 'arceusghost', 115.0), ('move', 'dynamaxcannon', 75.0), ('move', 'meteorbeam', 60.0), ('move', 'sludgebomb', 0.0)]",move:fireblast,220.0,True
battle-gen9ubers-10432,11,eternatus,0.44418052256532065,,metagross,1.0,,general_scoring,"[('move', 'fireblast', 220.0), ('switch', 'zaciancrowned', 155.0), ('switch', 'koraidon', 155.0), ('switch', 'kyogre', 145.0), ('switch', 'arceusghost', 115.0), ('move', 'dynamaxcannon', 75.0), ('move', 'meteorbeam', 60.0), ('move', 'sludgebomb', 0.0)]",move:fireblast,220.0,False
battle-gen9ubers-10432,12,eternatus,0.0498812351543943,,metagross,0.22,,hard_ko,[],move:fireblast,,False
battle-gen9ubers-10432,13,eternatus,0.0498812351543943,,rotomwash,0.77,,general_scoring,"[('move', 'dynamaxcannon', 150.0), ('move', 'sludgebomb', 135.0), ('move', 'meteorbeam', 120.0), ('switch', 'arceusghost', 65.0), ('switch', 'koraidon', 63.75), ('move', 'fireblast', 55.0), ('switch', 'kyogre', 55.0), ('switch', 'zaciancrowned', 35.0)]",move:dynamaxcannon,150.0,True
battle-gen9ubers-10432,14,eternatus,0.0498812351543943,PAR,rotomwash,0.09,,hard_ko,[],move:dynamaxcannon,,False
battle-gen9ubers-10432,14,eternatus,0,FNT,rotomwash,0.15,,forced_switch,[],switch:arceusghost,,True
battle-gen9ubers-10432,15,arceusghost,1.0,,rotomwash,0.15,,hard_ko,[],move:judgment,,True
battle-gen9ubers-10432,16,arceusghost,1.0,,metagross,0.22,,hard_ko,[],move:aurasphere,,False
battle-gen9ubers-10432,17,arceusghost,1.0,,clodsire,1.0,,general_scoring,"[('switch', 'kyogre', 195.0), ('move', 'judgment', 150.0), ('move', 'calmmind', 110.0), ('move', 'aurasphere', 40.0), ('move', 'powergem', 40.0), ('switch', 'koraidon', 35.0), ('switch', 'zaciancrowned', 5.0)]",switch:kyogre,195.0,True
battle-gen9ubers-10432,18,kyogre,0.75,,clodsire,1.0,,general_scoring,"[('move', 'waterfall', 240.0), ('move', 'earthquake', 200.0), ('move', 'bodyslam', 85.0), ('move', 'terablast', 80.0), ('switch', 'arceusghost', 65.0), ('switch', 'koraidon', 35.0), ('switch', 'zaciancrowned', 5.0)]",move:waterfall,240.0,True
battle-gen9ubers-10432,19,kyogre,0.75,,clodsire,1.0,,general_scoring,"[('move', 'waterfall', 240.0), ('switch', 'arceusghost', 65.0), ('switch', 'koraidon', 35.0), ('switch', 'zaciancrowned', 5.0)]",move:waterfall,240.0,True
battle-gen9ubers-10432,20,kyogre,0.425531914893617,PSN,clodsire,1.0,,general_scoring,"[('move', 'waterfall', 240.0), ('switch', 'arceusghost', 65.0), ('switch', 'koraidon', 35.0), ('switch', 'zaciancrowned', 5.0)]",move:waterfall,240.0,True
battle-gen9ubers-10432,21,kyogre,0.300531914893617,PSN,clodsire,1.0,,general_scoring,"[('move', 'waterfall', 240.0), ('switch', 'arceusghost', 65.0), ('switch', 'koraidon', 35.0), ('switch', 'zaciancrowned', 5.0)]",move:waterfall,240.0,True
battle-gen9ubers-10432,21,kyogre,0,FNT,clodsire,1.0,,forced_switch,[],switch:arceusghost,,True
battle-gen9ubers-10432,22,arceusghost,0.8756218905472637,,clodsire,1.0,,general_scoring,"[('move', 'judgment', 150.0), ('move', 'calmmind', 110.0), ('move', 'aurasphere', 40.0), ('move', 'powergem', 40.0), ('switch', 'koraidon', 35.0), ('switch', 'zaciancrowned', 5.0)]",move:judgment,150.0,True
battle-gen9ubers-10432,23,arceusghost,0.8756218905472637,,clodsire,0.63,,general_scoring,"[('move', 'judgment', 150.0), ('move', 'calmmind', 110.0), ('move', 'aurasphere', 40.0), ('move', 'powergem', 40.0), ('switch', 'koraidon', 35.0), ('switch', 'zaciancrowned', 5.0)]",move:judgment,150.0,True
battle-gen9ubers-10432,24,arceusghost,0.8756218905472637,,clodsire,0.75,,general_scoring,"[('move', 'judgment', 150.0), ('move', 'calmmind', 110.0), ('move', 'aurasphere', 40.0), ('move', 'powergem', 40.0), ('switch', 'koraidon', 35.0), ('switch', 'zaciancrowned', 5.0)]",move:judgment,150.0,True
battle-gen9ubers-10432,25,arceusghost,0.6791044776119403,,clodsire,0.37,,hard_ko,[],move:judgment,,True
battle-gen9ubers-10432,26,arceusghost,0.6044776119402985,,clodsire,0.04,,hard_ko,[],move:judgment,,True
battle-gen9ubers-10433,1,ribombee,1.0,,cyclizar,1.0,,ribombee_opening,[],move:stickyweb,,True
battle-gen9ubers-10433,2,ribombee,1.0,,zapdosgalar,1.0,,ribombee_opening,[],move:stunspore,,True
battle-gen9ubers-10433,3,ribombee,1.0,,krookodile,1.0,PAR,general_scoring,"[('move', 'moonblast', 285.0), ('move', 'uturn', 210.0), ('switch', 'kyogre', 155.0), ('switch', 'zaciancrowned', 95.0), ('switch', 'koraidon', 35.0), ('switch', 'arceusghost', 15.0), ('move', 'stunspore', 10.0), ('move', 'stickyweb', 10.0), ('switch', 'eternatus', 5.0)]",move:moonblast,285.0,True
battle-gen9ubers-10433,4,ribombee,0.6436781609195402,,krookodile,0.5,PAR,general_scoring,"[('switch', 'arceusghost', 155.0), ('move', 'moonblast', 142.5), ('switch', 'zaciancrowned', 65.0), ('switch', 'eternatus', 65.0), ('move', 'uturn', 52.5), ('switch', 'koraidon', 35.0), ('switch', 'kyogre', 35.0), ('move', 'stunspore', 10.0), ('move', 'stickyweb', 10.0)]",switch:arceusghost,155.0,True
battle-gen9ubers-10433,5,arceusghost,1.0,,rotomheat,1.0,,general_scoring,"[('switch', 'kyogre', 295.0), ('switch', 'eternatus', 185.0), ('move', 'powergem', 160.0), ('move', 'judgment', 150.0), ('move', 'calmmind', 110.0), ('move', 'aurasphere', 80.0), ('switch', 'koraidon', 63.75), ('switch', 'zaciancrowned', -25.0), ('switch', 'ribombee', -73.75)]",switch:kyogre,295.0,True
battle-gen9ubers-10433,6,kyogre,1.0,,krookodile,0.56,PAR,general_scoring,"[('switch', 'arceusghost', 155.0), ('move', 'waterfall', 120.0), ('move', 'earthquake', 100.0), ('switch', 'ribombee', 97.5), ('switch', 'zaciancrowned', 65.0), ('switch', 'eternatus', 65.0), ('switch', 'koraidon', 35.0), ('move', 'bodyslam', 0.0), ('move', 'terablast', 0.0)]",switch:arceusghost,155.0,True
battle-gen9ubers-10433,7,arceusghost,1.0,,krookodile,0.62,PAR,hard_ko,[],move:judgment,,True
battle-gen9ubers-10433,8,arceusghost,1.0,,cyclizar,1.0,,general_scoring,"[('switch', 'ribombee', 240.0), ('switch', 'zaciancrowned', 185.0), ('move', 'aurasphere', 160.0), ('switch', 'eternatus', 155.0), ('move', 'calmmind', 110.0), ('switch', 'koraidon', 92.5), ('move', 'powergem', 80.0), ('switch', 'kyogre', 15.0), ('move', 'judgment', 0.0)]",switch:ribombee,240.0,True
battle-gen9ubers-10433,9,ribombee,0.6436781609195402,,slowbro,1.0,,general_scoring,"[('switch', 'arceusghost', 255.0), ('move', 'uturn', 210.0), ('move', 'moonblast', 142.5), ('switch', 'zaciancrowned', 95.0), ('move', 'stunspore', 30.0), ('switch', 'kyogre', 15.0), ('move', 'stickyweb', 10.0), ('switch', 'eternatus', 5.0), ('switch', 'koraidon', -26.25)]",switch:arceusghost,255.0,True
battle-gen9ubers-10433,10,arceusghost,1.0,,slowbro,1.0,,general_scoring,"[('move', 'judgment', 300.0), ('switch', 'ribombee', 125.0), ('move', 'calmmind', 110.0), ('switch', 'zaciancrowned', 95.0), ('move', 'powergem', 80.0), ('move', 'aurasphere', 40.0), ('switch', 'kyogre', 15.0), ('switch', 'eternatus', 5.0), ('switch', 'koraidon', -26.25)]",move:judgment,300.0,True
battle-gen9ubers-10433,11,arceusghost,1.0,,cyclizar,1.0,,general_scoring,"[('switch', 'ribombee', 240.0), ('switch', 'zaciancrowned', 185.0), ('move', 'aurasphere', 160.0), ('switch', 'eternatus', 155.0), ('move', 'calmmind', 110.0), ('switch', 'koraidon', 92.5), ('move', 'powergem', 80.0), ('switch', 'kyogre', 15.0), ('move', 'judgment', 0.0)]",switch:ribombee,240.0,True
battle-gen9ubers-10433,11,ribombee,0,FNT,rotomheat,1.0,,forced_switch,[],switch:kyogre,,True
battle-gen9ubers-10433,12,kyogre,1.0,,rotomheat,1.0,,hard_ko,[],move:earthquake,,False
battle-gen9ubers-10433,13,kyogre,0.9388297872340425,BRN,rotomheat,1.0,,hard_ko,[],move:earthquake,,False
battle-gen9ubers-10433,14,kyogre,0.3776595744680851,BRN,jirachi,0.64,,general_scoring,"[('switch', 'arceusghost', 255.0), ('move', 'earthquake', 200.0), ('switch', 'koraidon', 95.0), ('switch', 'eternatus', 75.0), ('switch', 'zaciancrowned', 35.0)]",switch:arceusghost,255.0,True
battle-gen9ubers-10433,15,arceusghost,1.0,,zapdosgalar,1.0,,general_scoring,"[('move', 'judgment', 150.0), ('move', 'calmmind', 110.0), ('switch', 'zaciancrowned', 95.0), ('move', 'powergem', 80.0), ('switch', 'eternatus', 65.0), ('move', 'aurasphere', 40.0), ('switch', 'kyogre', 35.0), ('switch', 'koraidon', -25.0)]",move:judgment,150.0,False
battle-gen9ubers-10433,16,arceusghost,1.0,,zapdosgalar,0.24,,hard_ko,[],move:judgment,,False
battle-gen9ubers-10433,17,arceusghost,1.0,,rotomheat,1.0,,general_scoring,"[('switch', 'kyogre', 295.0), ('switch', 'eternatus', 185.0), ('move', 'powergem', 160.0), ('move', 'judgment', 150.0), ('move', 'calmmind', 110.0), ('move', 'aurasphere', 80.0), ('switch', 'koraidon', 63.75), ('switch', 'zaciancrowned', -25.0)]",switch:kyogre,295.0,True
battle-gen9ubers-10433,18,kyogre,0.5292553191489362,BRN,rotomheat,0.74,,hard_ko,[],move:earthquake,,False
battle-gen9ubers-10433,19,kyogre,0.4973404255319149,BRN,rotomheat,0.7,,hard_ko,[],move:earthquake,,False
battle-gen9ubers-10433,20,kyogre,0.43617021276595747,BRN,jirachi,0.2,,hard_ko,[],move:earthquake,,True
battle-gen9ubers-10433,21,kyogre,0.375,BRN,cyclizar,1.0,,general_scoring,"[('switch', 'zaciancrowned', 185.0), ('switch', 'eternatus', 155.0), ('move', 'earthquake', 100.0), ('switch', 'koraidon', 92.5), ('switch', 'arceusghost', 75.0)]",switch:zaciancrowned,185.0,False
battle-gen9ubers-10433,22,zaciancrowned,0.9292307692307692,,cyclizar,1.0,,general_scoring,"[('move', 'closecombat', 240.0), ('switch', 'eternatus', 155.0), ('move', 'behemothblade', 150.0), ('move', 'swordsdance', 110.0), ('switch', 'koraidon', 92.5), ('switch', 'arceusghost', 75.0), ('move', 'wildcharge', 45.0), ('switch', 'kyogre', 15.0)]",move:closecombat,240.0,True
battle-gen9ubers-10433,23,zaciancrowned,0.9292307692307692,,rotomheat,0.7,,general_scoring,"[('switch', 'kyogre', 295.0), ('switch', 'eternatus', 185.0), ('move', 'closecombat', 120.0), ('move', 'swordsdance', 110.0), ('switch', 'arceusghost', 75.0), ('switch', 'koraidon', 63.75), ('move', 'wildcharge', 45.0), ('move', 'behemothblade', 37.5)]",switch:kyogre,295.0,True
battle-gen9ubers-10433,23,kyogre,0,FNT,rotomheat,0.7,,forced_switch,[],switch:eternatus,,False
battle-gen9ubers-10433,24,eternatus,1.0,,rotomheat,0.7,,general_scoring,"[('move', 'meteorbeam', 240.0), ('move', 'dynamaxcannon', 150.0), ('move', 'sludgebomb', 135.0), ('switch', 'arceusghost', 75.0), ('switch', 'koraidon', 63.75), ('move', 'fireblast', 55.0), ('switch', 'zaciancrowned', -25.0)]",move:meteorbeam,240.0,True
battle-gen9ubers-10434,1,ribombee,1.0,,jirachi,1.0,,ribombee_opening,[],move:stickyweb,,True
battle-gen9ubers-10434,2,ribombee,0.8582375478927203,,jirachi,1.0,,ribombee_opening,[],move:stunspore,,True
battle-gen9ubers-10434,3,ribombee,0.8582375478927203,,jirachi,1.0,PAR,general_scoring,"[('move', 'moonblast', 285.0), ('switch', 'arceusghost', 165.0), ('switch', 'eternatus', 95.0), ('switch', 'zaciancrowned', 65.0), ('move', 'uturn', 52.5), ('switch', 'koraidon', 35.0), ('switch', 'kyogre', 35.0), ('move', 'stunspore', 10.0), ('move', 'stickyweb', 10.0)]",move:moonblast,285.0,True
battle-gen9ubers-10434,4,ribombee,0.8582375478927203,,jirachi,0.26,PAR,hard_ko,[],move:moonblast,,True
battle-gen9ubers-10434,5,ribombee,0.8582375478927203,,rotomheat,0.79,,general_scoring,"[('switch', 'kyogre', 295.0), ('switch', 'eternatus', 185.0), ('switch', 'arceusghost', 75.0), ('move', 'moonblast', 71.25), ('switch', 'koraidon', 63.75), ('move', 'uturn', 52.5), ('move', 'stunspore', 30.0), ('move', 'stickyweb', 10.0), ('switch', 'zaciancrowned', -25.0)]",switch:kyogre,295.0,True
battle-gen9ubers-10434,6,kyogre,1.0,,slowbro,1.0,,general_scoring,"[('switch', 'arceusghost', 255.0), ('switch', 'ribombee', 125.0), ('move', 'earthquake', 100.0), ('switch', 'zaciancrowned', 95.0), ('move', 'bodyslam', 85.0), ('move', 'terablast', 80.0), ('move', 'waterfall', 60.0), ('switch', 'eternatus', 5.0), ('switch', 'koraidon', -26.25)]",switch:arceusghost,255.0,True
battle-gen9ubers-10434,7,arceusghost,1.0,,slowbro,1.0,,general_scoring,"[('move', 'judgment', 300.0), ('switch', 'ribombee', 125.0), ('move', 'calmmind', 110.0), ('switch', 'zaciancrowned', 95.0), ('move', 'powergem', 80.0), ('move', 'aurasphere', 40.0), ('switch', 'kyogre', 15.0), ('switch', 'eternatus', 5.0), ('switch', 'koraidon', -26.25)]",move:judgment,300.0,True
battle-gen9ubers-10434,8,arceusghost,1.0,,rotomheat,0.11,,hard_ko,[],move:powergem,,True
battle-gen9ubers-10434,9,arceusghost,0.6840796019900498,,krookodile,1.0,,general_scoring,"[('switch', 'ribombee', 270.0), ('move', 'aurasphere', 160.0), ('switch', 'kyogre', 155.0), ('move', 'calmmind', 110.0), ('switch', 'zaciancrowned', 95.0), ('move', 'judgment', 75.0), ('move', 'powergem', 40.0), ('switch', 'koraidon', 35.0), ('switch', 'eternatus', 5.0)]",switch:ribombee,270.0,True
battle-gen9ubers-10434,10,ribombee,0.8582375478927203,,krookodile,1.0,,general_scoring,"[('move', 'moonblast', 285.0), ('move', 'uturn', 210.0), ('switch', 'kyogre', 155.0), ('switch', 'zaciancrowned', 95.0), ('switch', 'koraidon', 35.0), ('switch', 'arceusghost', 15.0), ('switch', 'eternatus', 5.0)]",move:moonblast,285.0,True
battle-gen9ubers-10434,11,ribombee,0.8582375478927203,,slowbro,0.58,,general_scoring,"[('switch', 'arceusghost', 255.0), ('move', 'uturn', 210.0), ('move', 'moonblast', 142.5), ('switch', 'zaciancrowned', 95.0), ('switch', 'kyogre', 15.0), ('switch', 'eternatus', 5.0), ('switch', 'koraidon', -26.25)]",switch:arceusghost,255.0,True
battle-gen9ubers-10434,12,arceusghost,0.6840796019900498,,slowbro,0.58,,hard_ko,[],move:judgment,,True
battle-gen9ubers-10434,13,arceusghost,0.6840796019900498,,jirachi,0.26,PAR,hard_ko,[],move:judgment,,True
battle-gen9ubers-10434,14,arceusghost,0.3855721393034826,,krookodile,1.0,,general_scoring,"[('switch', 'ribombee', 270.0), ('move', 'aurasphere', 160.0), ('switch', 'kyogre', 155.0), ('move', 'calmmind', 110.0), ('switch', 'zaciancrowned', 95.0), ('move', 'judgment', 75.0), ('move', 'powergem', 40.0), ('switch', 'koraidon', 35.0), ('switch', 'eternatus', 5.0)]",switch:ribombee,270.0,True
battle-gen9ubers-10434,15,ribombee,0.8582375478927203,,krookodile,1.0,,general_scoring,"[('move', 'moonblast', 285.0), ('move', 'uturn', 210.0), ('switch', 'kyogre', 155.0), ('switch', 'zaciancrowned', 95.0), ('switch', 'koraidon', 35.0), ('move', 'stunspore', 30.0), ('switch', 'arceusghost', 15.0), ('move', 'stickyweb', 10.0), ('switch', 'eternatus', 5.0)]",move:moonblast,285.0,True
battle-gen9ubers-10434,16,ribombee,0.4674329501915709,,krookodile,0.28,,hard_ko,[],move:moonblast,,True
battle-gen9ubers-10434,17,ribombee,0.4674329501915709,,cyclizar,1.0,,general_scoring,"[('move', 'moonblast', 285.0), ('switch', 'zaciancrowned', 185.0), ('switch', 'eternatus', 155.0), ('move', 'uturn', 105.0), ('switch', 'koraidon', 92.5), ('switch', 'arceusghost', 75.0), ('move', 'stunspore', 30.0), ('switch', 'kyogre', 15.0), ('move', 'stickyweb', 10.0)]",move:moonblast,285.0,True
battle-gen9ubers-10434,18,ribombee,0.4674329501915709,,zapdosgalar,1.0,,general_scoring,"[('move', 'moonblast', 285.0), ('switch', 'zaciancrowned', 95.0), ('switch', 'eternatus', 65.0), ('switch', 'arceusghost', 65.0), ('switch', 'kyogre', 35.0), ('move', 'stunspore', 30.0), ('move', 'uturn', 26.25), ('move', 'stickyweb', 10.0), ('switch', 'koraidon', -25.0)]",move:moonblast,285.0,True
battle-gen9ubers-10434,19,ribombee,0.26053639846743293,,zapdosgalar,0.07,,hard_ko,[],move:moonblast,,True
battle-gen9ubers-10435,1,ribombee,1.0,,slowbro,1.0,,ribombee_opening,[],move:stickyweb,,True
battle-gen9ubers-10435,2,ribombee,1.0,,slowbro,1.0,,ribombee_opening,[],move:stunspore,,True
battle-gen9ubers-10435,3,ribombee,1.0,,krookodile,1.0,PAR,general_scoring,"[('move', 'moonblast', 285.0), ('move', 'uturn', 210.0), ('switch', 'kyogre', 155.0), ('switch', 'zaciancrowned', 95.0), ('switch', 'koraidon', 35.0), ('switch', 'arceusghost', 15.0), ('move', 'stunspore', 10.0), ('move', 'stickyweb', 10.0), ('switch', 'eternatus', 5.0)]",move:moonblast,285.0,True
battle-gen9ubers-10435,4,ribombee,0.2950191570881226,,jirachi,0.87,,general_scoring,"[('switch', 'arceusghost', 255.0), ('switch', 'kyogre', 115.0), ('move', 'uturn', 105.0), ('switch', 'koraidon', 95.0), ('switch', 'eternatus', 75.0), ('move', 'moonblast', 71.25), ('switch', 'zaciancrowned', 35.0), ('move', 'stunspore', 30.0), ('move', 'stickyweb', 10.0)]",switch:arceusghost,255.0,True
battle-gen9ubers-10435,5,arceusghost,0.8507462686567164,,jirachi,0.94,,general_scoring,"[('move', 'judgment', 300.0), ('switch', 'kyogre', 115.0), ('move', 'calmmind', 110.0), ('switch', 'koraidon', 95.0), ('move', 'aurasphere', 80.0), ('switch', 'eternatus', 75.0), ('move', 'powergem', 40.0), ('switch', 'zaciancrowned', 35.0), ('switch', 'ribombee', -40.0)]",move:judgment,300.0,True
battle-gen9ubers-10435,6,arceusghost,0.8507462686567164,,krookodile,1.0,PAR,general_scoring,"[('switch', 'ribombee', 270.0), ('move', 'aurasphere', 160.0), ('switch', 'kyogre', 155.0), ('move', 'calmmind', 110.0), ('switch', 'zaciancrowned', 95.0), ('move', 'judgment', 75.0), ('move', 'powergem', 40.0), ('switch', 'koraidon', 35.0), ('switch', 'eternatus', 5.0)]",switch:ribombee,270.0,True
battle-gen9ubers-10435,7,ribombee,0.2950191570881226,,slowbro,1.0,,general_scoring,"[('switch', 'arceusghost', 255.0), ('move', 'uturn', 210.0), ('move', 'moonblast', 142.5), ('switch', 'zaciancrowned', 95.0), ('move', 'stunspore', 30.0), ('switch', 'kyogre', 15.0), ('move', 'stickyweb', 10.0), ('switch', 'eternatus', 5.0), ('switch', 'koraidon', -26.25)]",switch:arceusghost,255.0,True
battle-gen9ubers-10435,8,arceusghost,0.8507462686567164,,slowbro,1.0,,general_scoring,"[('switch', 'zaciancrowned', 245.0), ('switch', 'eternatus', 185.0), ('move', 'judgment', 150.0), ('move', 'calmmind', 110.0), ('move', 'powergem', 80.0), ('switch', 'ribombee', 57.5), ('move', 'aurasphere', 40.0), ('switch', 'kyogre', 35.0), ('switch', 'koraidon', -145.0)]",switch:zaciancrowned,245.0,True
battle-gen9ubers-10435,9,zaciancrowned,1.0,,cyclizar,1.0,,general_scoring,"[('move', 'closecombat', 240.0), ('switch', 'ribombee', 240.0), ('switch', 'eternatus', 155.0), ('move', 'behemothblade', 150.0), ('move', 'swordsdance', 110.0), ('switch', 'koraidon', 92.5), ('switch', 'arceusghost', 75.0), ('move', 'wildcharge', 45.0), ('switch', 'kyogre', 15.0)]",move:closecombat,240.0,True
battle-gen9ubers-10435,10,zaciancrowned,1.0,,zapdosgalar,1.0,,general_scoring,"[('move', 'wildcharge', 180.0), ('switch', 'ribombee', 180.0), ('move', 'behemothblade', 150.0), ('move', 'swordsdance', 110.0), ('switch', 'arceusghost', 65.0), ('switch', 'eternatus', 65.0), ('move', 'closecombat', 60.0), ('switch', 'kyogre', 35.0), ('switch', 'koraidon', -25.0)]",move:wildcharge,180.0,True
battle-gen9ubers-10435,11,zaciancrowned,0.6123076923076923,,rotomheat,1.0,,general_scoring,"[('switch', 'kyogre', 295.0), ('switch', 'eternatus', 185.0), ('move', 'closecombat', 120.0), ('move', 'swordsdance', 110.0), ('switch', 'arceusghost', 75.0), ('switch', 'koraidon', 63.75), ('move', 'wildcharge', 45.0), ('move', 'behemothblade', 37.5), ('switch', 'ribombee', -73.75)]",switch:kyogre,295.0,True
battle-gen9ubers-10435,12,kyogre,0.6808510638297872,,krookodile,1.0,PAR,general_scoring,"[('switch', 'ribombee', 270.0), ('move', 'waterfall', 240.0), ('move', 'earthquake', 100.0), ('switch', 'zaciancrowned', 95.0), ('move', 'bodyslam', 85.0), ('move', 'terablast', 80.0), ('switch', 'koraidon', 35.0), ('switch', 'arceusghost', 15.0), ('switch', 'eternatus', 5.0)]",switch:ribombee,270.0,True
battle-gen9ubers-10435,13,ribombee,0.2950191570881226,,slowbro,1.0,,general_scoring,"[('switch', 'zaciancrowned', 245.0), ('switch', 'eternatus', 185.0), ('move', 'moonblast', 142.5), ('switch', 'arceusghost', 105.0), ('move', 'uturn', 52.5), ('switch', 'kyogre', 35.0), ('move', 'stunspore', 30.0), ('move', 'stickyweb', 10.0), ('switch', 'koraidon', -145.0)]",switch:zaciancrowned,245.0,True
battle-gen9ubers-10435,14,zaciancrowned,0.6123076923076923,,slowbro,1.0,,general_scoring,"[('move', 'behemothblade', 300.0), ('switch', 'eternatus', 185.0), ('move', 'swordsdance', 110.0), ('switch', 'arceusghost', 105.0), ('move', 'wildcharge', 90.0), ('move', 'closecombat', 60.0), ('switch', 'ribombee', 57.5), ('switch', 'kyogre', 35.0), ('switch', 'koraidon', -145.0)]",move:behemothblade,300.0,True
battle-gen9ubers-10435,15,zaciancrowned,0.4461538461538462,PAR,slowbro,0.35,,hard_ko,[],move:behemothblade,,True
battle-gen9ubers-10435,16,zaciancrowned,0.25846153846153846,PAR,slowbro,0.35,,hard_ko,[],move:behemothblade,,True
battle-gen9ubers-10435,17,zaciancrowned,0.25846153846153846,PAR,krookodile,1.0,PAR,general_scoring,"[('switch', 'ribombee', 270.0), ('move', 'closecombat', 240.0), ('switch', 'kyogre', 155.0), ('move', 'behemothblade', 150.0), ('move', 'swordsdance', 110.0), ('switch', 'koraidon', 35.0), ('switch', 'arceusghost', 15.0), ('switch', 'eternatus', 5.0), ('move', 'wildcharge', 0.0)]",switch:ribombee,270.0,True
battle-gen9ubers-10435,17,ribombee,0,FNT,krookodile,1.0,PAR,forced_switch,[],switch:kyogre,,True
battle-gen9ubers-10435,18,kyogre,0.6808510638297872,,krookodile,1.0,PAR,general_scoring,"[('move', 'waterfall', 240.0), ('move', 'earthquake', 100.0), ('switch', 'zaciancrowned', 95.0), ('move', 'bodyslam', 85.0), ('move', 'terablast', 80.0), ('switch', 'koraidon', 35.0), ('switch', 'arceusghost', 15.0), ('switch', 'eternatus', 5.0)]",move:waterfall,240.0,True
battle-gen9ubers-10435,19,kyogre,0.6808510638297872,,slowbro,0.68,,general_scoring,"[('switch', 'zaciancrowned', 245.0), ('switch', 'eternatus', 185.0), ('move', 'waterfall', 120.0), ('switch', 'arceusghost', 105.0), ('switch', 'koraidon', -145.0)]",switch:zaciancrowned,245.0,True
battle-gen9ubers-10435,20,zaciancrowned,0.25846153846153846,PAR,krookodile,1.0,PAR,general_scoring,"[('move', 'closecombat', 240.0), ('switch', 'kyogre', 155.0), ('move', 'behemothblade', 150.0), ('move', 'swordsdance', 110.0), ('switch', 'koraidon', 35.0), ('switch', 'arceusghost', 15.0), ('switch', 'eternatus', 5.0), ('move', 'wildcharge', 0.0)]",move:closecombat,240.0,True
battle-gen9ubers-10435,20,zaciancrowned,0,FNT,krookodile,0.3,PAR,forced_switch,[],switch:kyogre,,True
battle-gen9ubers-10435,21,kyogre,0.6808510638297872,,krookodile,0.3,PAR,hard_ko,[],move:waterfall,,True
battle-gen9ubers-10435,22,kyogre,0.6808510638297872,,slowbro,1.0,,general_scoring,"[('switch', 'eternatus', 185.0), ('move', 'waterfall', 120.0), ('switch', 'arceusghost', 105.0), ('switch', 'koraidon', -145.0)]",switch:eternatus,185.0,True
battle-gen9ubers-10435,23,eternatus,1.0,,slowbro,1.0,,general_scoring,"[('move', 'sludgebomb', 270.0), ('move', 'meteorbeam', 120.0), ('move', 'fireblast', 110.0), ('switch', 'arceusghost', 105.0), ('switch', 'kyogre', 35.0), ('move', 'dynamaxcannon', 0.0), ('switch', 'koraidon', -145.0)]",move:sludgebomb,270.0,True
battle-gen9ubers-10436,1,ribombee,1.0,,entei,1.0,,ribombee_opening,[],move:stickyweb,,True
battle-gen9ubers-10436,2,ribombee,0.0038314176245210726,,entei,1.0,,ribombee_opening,[],move:uturn,,True
battle-gen9ubers-10436,2,ribombee,0,FNT,entei,1.0,,forced_switch,[],switch:eternatus,,False
battle-gen9ubers-10436,3,eternatus,1.0,,entei,1.0,,general_scoring,"[('move', 'meteorbeam', 240.0), ('switch', 'kyogre', 185.0), ('move', 'dynamaxcannon', 150.0), ('move', 'sludgebomb', 135.0), ('switch', 'arceusghost', 75.0), ('switch', 'koraidon', 63.75), ('move', 'fireblast', 55.0), ('switch', 'zaciancrowned', -25.0)]",move:meteorbeam,240.0,False
battle-gen9ubers-10436,4,eternatus,1.0,,zapdosgalar,1.0,,general_scoring,"[('move', 'dynamaxcannon', 150.0), ('move', 'sludgebomb', 135.0), ('move', 'meteorbeam', 120.0), ('move', 'fireblast', 110.0), ('switch', 'zaciancrowned', 95.0), ('switch', 'arceusghost', 65.0), ('switch', 'kyogre', 35.0), ('switch', 'koraidon', -25.0)]",move:dynamaxcannon,150.0,True
battle-gen9ubers-10436,5,eternatus,0.7292161520190024,,chesnaught,1.0,,general_scoring,"[('move', 'sludgebomb', 270.0), ('move', 'fireblast', 220.0), ('switch', 'koraidon', 155.0), ('move', 'dynamaxcannon', 150.0), ('switch', 'arceusghost', 65.0), ('switch', 'zaciancrowned', 65.0), ('move', 'meteorbeam', 60.0), ('switch', 'kyogre', -60.0)]",move:sludgebomb,270.0,True
battle-gen9ubers-10436,6,eternatus,0.7292161520190024,,mukalola,1.0,,general_scoring,"[('switch', 'kyogre', 155.0), ('move', 'dynamaxcannon', 150.0), ('move', 'meteorbeam', 120.0), ('move', 'fireblast', 110.0), ('switch', 'zaciancrowned', 95.0), ('move', 'sludgebomb', 67.5), ('switch', 'koraidon', 35.0), ('switch', 'arceusghost', -65.0)]",switch:kyogre,155.0,True
battle-gen9ubers-10436,7,kyogre,1.0,,mukalola,1.0,,general_scoring,"[('move', 'earthquake', 200.0), ('switch', 'koraidon', 155.0), ('switch', 'zaciancrowned', 155.0), ('switch', 'eternatus', 135.0), ('move', 'waterfall', 120.0), ('switch', 'arceusghost', 75.0), ('move', 'bodyslam', 42.5), ('move', 'terablast', 40.0)]",move:earthquake,200.0,True
battle-gen9ubers-10436,8,kyogre,1.0,,chesnaught,0.86,,general_scoring,"[('switch', 'eternatus', 215.0), ('switch', 'koraidon', 155.0), ('switch', 'arceusghost', 65.0), ('switch', 'zaciancrowned', 65.0), ('move', 'earthquake', 50.0)]",switch:eternatus,215.0,True
battle-gen9ubers-10436,9,eternatus,0.5439429928741093,,chesnaught,0.86,,general_scoring,"[('move', 'sludgebomb', 270.0), ('move', 'fireblast', 220.0), ('switch', 'koraidon', 155.0), ('move', 'dynamaxcannon', 150.0), ('switch', 'arceusghost', 65.0), ('switch', 'zaciancrowned', 65.0), ('move', 'meteorbeam', 60.0), ('switch', 'kyogre', -60.0)]",move:sludgebomb,270.0,True
battle-gen9ubers-10436,10,eternatus,0.36104513064133015,,chesnaught,0.86,,general_scoring,"[('move', 'sludgebomb', 270.0), ('move', 'fireblast', 220.0), ('switch', 'koraidon', 155.0), ('move', 'dynamaxcannon', 150.0), ('switch', 'arceusghost', 65.0), ('switch', 'zaciancrowned', 65.0), ('move', 'meteorbeam', 60.0), ('switch', 'kyogre', -60.0)]",move:sludgebomb,270.0,True
battle-gen9ubers-10436,11,eternatus,0.36104513064133015,,mukalola,1.0,,general_scoring,"[('move', 'fireblast', 220.0), ('switch', 'kyogre', 185.0), ('switch', 'koraidon', 155.0), ('switch', 'zaciancrowned', 155.0), ('move', 'dynamaxcannon', 75.0), ('switch', 'arceusghost', 75.0), ('move', 'meteorbeam', 60.0), ('move', 'sludgebomb', 0.0)]",move:fireblast,220.0,True
battle-gen9ubers-10436,12,eternatus,0.36104513064133015,,mukalola,1.0,,general_scoring,"[('move', 'fireblast', 220.0), ('switch', 'kyogre', 185.0), ('switch', 'koraidon', 155.0), ('switch', 'zaciancrowned', 155.0), ('move', 'dynamaxcannon', 75.0), ('switch', 'arceusghost', 75.0), ('move', 'meteorbeam', 60.0), ('move', 'sludgebomb', 0.0)]",move:fireblast,220.0,True
battle-gen9ubers-10436,13,eternatus,0.36104513064133015,,mukalola,0.52,,hard_ko,[],move:fireblast,,True
battle-gen9ubers-10436,14,eternatus,0.36104513064133015,,mukalola,0.08,,hard_ko,[],move:fireblast,,True
battle-gen9ubers-10436,15,eternatus,0.36104513064133015,,bronzong,0.2,,hard_ko,[],move:fireblast,,True
battle-gen9ubers-10436,16,eternatus,0.36104513064133015,,bronzong,0.2,,hard_ko,[],move:fireblast,,True
battle-gen9ubers-10437,1,ribombee,1.0,,volcanion,1.0,,ribombee_opening,[],move:stickyweb,,True
battle-gen9ubers-10437,2,ribombee,0.0038314176245210726,,volcanion,1.0,,ribombee_opening,[],move:stunspore,,True
battle-gen9ubers-10437,3,ribombee,0.0038314176245210726,,zapdosgalar,1.0,PAR,general_scoring,"[('move', 'moonblast', 285.0), ('switch', 'zaciancrowned', 95.0), ('switch', 'arceusghost', 65.0), ('switch', 'eternatus', 65.0), ('switch', 'kyogre', 35.0), ('move', 'uturn', 26.25), ('move', 'stunspore', 10.0), ('move', 'stickyweb', 10.0), ('switch', 'koraidon', -25.0)]",move:moonblast,285.0,True
battle-gen9ubers-10437,4,ribombee,0.0038314176245210726,,chesnaught,0.16,,hard_ko,[],move:moonblast,,True
battle-gen9ubers-10437,5,ribombee,0.0038314176245210726,,zapdosgalar,1.0,PAR,general_scoring,"[('move', 'moonblast', 285.0), ('switch', 'zaciancrowned', 95.0), ('switch', 'arceusghost', 65.0), ('switch', 'eternatus', 65.0), ('switch', 'kyogre', 35.0), ('move', 'uturn', 26.25), ('move', 'stunspore', 10.0), ('move', 'stickyweb', 10.0), ('switch', 'koraidon', -25.0)]",move:moonblast,285.0,True
battle-gen9ubers-10437,6,ribombee,0.0038314176245210726,,bronzong,0.9,,general_scoring,"[('switch', 'arceusghost', 255.0), ('switch', 'kyogre', 115.0), ('move', 'uturn', 105.0), ('switch', 'koraidon', 95.0), ('switch', 'eternatus', 75.0), ('move', 'moonblast', 71.25), ('switch', 'zaciancrowned', 35.0), ('move', 'stunspore', 30.0), ('move', 'stickyweb', 10.0)]",switch:arceusghost,255.0,True
battle-gen9ubers-10437,7,arceusghost,1.0,,entei,1.0,,general_scoring,"[('switch', 'eternatus', 225.0), ('switch', 'kyogre', 185.0), ('move', 'powergem', 160.0), ('move', 'judgment', 150.0), ('move', 'calmmind', 110.0), ('move', 'aurasphere', 80.0), ('switch', 'koraidon', 63.75), ('switch', 'zaciancrowned', -25.0), ('switch', 'ribombee', -73.75)]",switch:eternatus,225.0,False
battle-gen9ubers-10437,8,eternatus,0.7814726840855107,,entei,1.0,,general_scoring,"[('move', 'meteorbeam', 240.0), ('switch', 'kyogre', 185.0), ('move', 'dynamaxcannon', 150.0), ('move', 'sludgebomb', 135.0), ('switch', 'arceusghost', 75.0), ('switch', 'koraidon', 63.75), ('move', 'fireblast', 55.0), ('switch', 'zaciancrowned', -25.0), ('switch', 'ribombee', -73.75)]",move:meteorbeam,240.0,False
battle-gen9ubers-10437,9,eternatus,0.36342042755344417,BRN,entei,1.0,,general_scoring,"[('move', 'meteorbeam', 240.0), ('switch', 'kyogre', 185.0), ('move', 'dynamaxcannon', 150.0), ('move', 'sludgebomb', 135.0), ('switch', 'arceusghost', 75.0), ('switch', 'koraidon', 63.75), ('move', 'fireblast', 55.0), ('switch', 'zaciancrowned', -25.0), ('switch', 'ribombee', -73.75)]",move:meteorbeam,240.0,False
battle-gen9ubers-10437,10,eternatus,0.3016627078384798,BRN,volcanion,1.0,,general_scoring,"[('move', 'meteorbeam', 120.0)]",move:meteorbeam,120.0,True
battle-gen9ubers-10437,11,eternatus,0.23990498812351543,BRN,bronzong,0.96,,general_scoring,"[('switch', 'arceusghost', 255.0), ('move', 'fireblast', 220.0), ('switch', 'kyogre', 115.0), ('switch', 'koraidon', 95.0), ('move', 'dynamaxcannon', 75.0), ('move', 'meteorbeam', 60.0), ('switch', 'zaciancrowned', 35.0), ('move', 'sludgebomb', 0.0), ('switch', 'ribombee', -40.0)]",switch:arceusghost,255.0,True
battle-gen9ubers-10437,12,arceusghost,1.0,,bronzong,1.0,,general_scoring,"[('move', 'judgment', 300.0), ('switch', 'kyogre', 115.0), ('move', 'calmmind', 110.0), ('switch', 'koraidon', 95.0), ('move', 'aurasphere', 80.0), ('switch', 'eternatus', 75.0), ('move', 'powergem', 40.0), ('switch', 'zaciancrowned', 35.0), ('switch', 'ribombee', -40.0)]",move:judgment,300.0,True
battle-gen9ubers-10437,13,arceusghost,1.0,,entei,1.0,,general_scoring,"[('switch', 'eternatus', 225.0), ('switch', 'kyogre', 185.0), ('move', 'powergem', 160.0), ('move', 'judgment', 150.0), ('move', 'calmmind', 110.0), ('move', 'aurasphere', 80.0), ('switch', 'koraidon', 63.75), ('switch', 'zaciancrowned', -25.0), ('switch', 'ribombee', -73.75)]",switch:eternatus,225.0,False
battle-gen9ubers-10437,14,eternatus,0.17814726840855108,BRN,mukalola,1.0,,general_scoring,"[('switch', 'kyogre', 155.0), ('move', 'dynamaxcannon', 150.0), ('move', 'meteorbeam', 120.0), ('move', 'fireblast', 110.0), ('switch', 'zaciancrowned', 95.0), ('move', 'sludgebomb', 67.5), ('switch', 'koraidon', 35.0), ('switch', 'ribombee', -2.5), ('switch', 'arceusghost', -65.0)]",switch:kyogre,155.0,True
battle-gen9ubers-10437,15,kyogre,1.0,,mukalola,1.0,,general_scoring,"[('move', 'earthquake', 200.0), ('move', 'waterfall', 120.0), ('switch', 'zaciancrowned', 95.0), ('move', 'bodyslam', 85.0), ('move', 'terablast', 80.0), ('switch', 'eternatus', 65.0), ('switch', 'koraidon', 35.0), ('switch', 'ribombee', -2.5), ('switch', 'arceusghost', -65.0)]",move:earthquake,200.0,True
battle-gen9ubers-10437,16,kyogre,1.0,,mukalola,1.0,SLP,general_scoring,"[('move', 'earthquake', 200.0), ('switch', 'zaciancrowned', 95.0), ('switch', 'eternatus', 65.0), ('switch', 'koraidon', 35.0), ('switch', 'ribombee', -2.5), ('switch', 'arceusghost', -65.0)]",move:earthquake,200.0,True
battle-gen9ubers-10437,17,kyogre,1.0,,volcanion,1.0,,general_scoring,"[('switch', 'ribombee', 230.0), ('switch', 'zaciancrowned', 185.0), ('switch', 'eternatus', 105.0), ('move', 'earthquake', 100.0), ('switch', 'koraidon', 65.0), ('switch', 'arceusghost', 15.0)]",switch:ribombee,230.0,False
battle-gen9ubers-10437,17,ribombee,0,FNT,volcanion,1.0,,forced_switch,[],switch:zaciancrowned,,True
battle-gen9ubers-10437,18,zaciancrowned,1.0,,volcanion,1.0,,general_scoring,"[('move', 'closecombat', 240.0), ('move', 'behemothblade', 150.0), ('move', 'swordsdance', 110.0), ('switch', 'eternatus', 105.0), ('move', 'wildcharge', 90.0), ('switch', 'koraidon', 65.0), ('switch', 'kyogre', 35.0), ('switch', 'arceusghost', 15.0)]",move:closecombat,240.0,True
battle-gen9ubers-10437,19,zaciancrowned,1.0,,zapdosgalar,0.59,PAR,general_scoring,"[('move', 'wildcharge', 180.0), ('move', 'behemothblade', 150.0), ('move', 'swordsdance', 110.0), ('switch', 'arceusghost', 65.0), ('switch', 'eternatus', 65.0), ('move', 'closecombat', 60.0), ('switch', 'kyogre', 35.0), ('switch', 'koraidon', -25.0)]",move:wildcharge,180.0,True
battle-gen9ubers-10437,20,zaciancrowned,0.8523076923076923,,entei,0.48,,general_scoring,"[('switch', 'eternatus', 225.0), ('switch', 'kyogre', 185.0), ('move', 'closecombat', 120.0), ('move', 'wildcharge', 90.0), ('move', 'behemothblade', 75.0), ('switch', 'arceusghost', 75.0), ('switch', 'koraidon', 63.75), ('move', 'swordsdance', 0.0)]",switch:eternatus,225.0,False
battle-gen9ubers-10437,20,eternatus,0,FNT,entei,0.48,,forced_switch,[],switch:kyogre,,False
battle-gen9ubers-10437,21,kyogre,1.0,,entei,0.48,,hard_ko,[],move:waterfall,,False
battle-gen9ubers-10437,22,kyogre,0.8085106382978723,BRN,volcanion,1.0,,general_scoring,"[('switch', 'zaciancrowned', 185.0), ('move', 'waterfall', 120.0), ('switch', 'koraidon', 65.0), ('switch', 'arceusghost', 15.0)]",switch:zaciancrowned,185.0,False
battle-gen9ubers-10437,23,koraidon,1.0,,volcanion,1.0,,general_scoring,"[('switch', 'zaciancrowned', 185.0), ('move', 'flareblitz', 120.0), ('move', 'scaleshot', 118.75), ('move', 'swordsdance', 110.0), ('switch', 'kyogre', 35.0), ('switch', 'arceusghost', 15.0), ('move', 'taunt', 10.0)]",switch:zaciancrowned,185.0,True
battle-gen9ubers-10437,24,zaciancrowned,0.4430769230769231,,volcanion,1.0,,general_scoring,"[('move', 'closecombat', 240.0), ('move', 'behemothblade', 150.0), ('move', 'swordsdance', 110.0), ('move', 'wildcharge', 90.0), ('switch', 'koraidon', 65.0), ('switch', 'kyogre', 35.0), ('switch', 'arceusghost', 15.0)]",move:closecombat,240.0,True
battle-gen9ubers-10437,24,zaciancrowned,0,FNT,volcanion,0.05,,forced_switch,[],switch:koraidon,,True
battle-gen9ubers-10437,25,koraidon,1.0,,volcanion,0.05,,hard_ko,[],move:scaleshot,,True
battle-gen9ubers-10437,26,koraidon,1.0,,volcanion,0.05,,hard_ko,[],move:scaleshot,,True
battle-gen9ubers-10438,1,ribombee,1.0,,chesnaught,1.0,,ribombee_opening,[],move:stickyweb,,True
battle-gen9ubers-10438,2,ribombee,1.0,,mukalola,1.0,,ribombee_opening,[],move:uturn,,True
battle-gen9ubers-10438,2,ribombee,1.0,,mukalola,0.85,,forced_switch,[],switch:kyogre,,True
battle-gen9ubers-10438,3,kyogre,1.0,,mukalola,0.91,,general_scoring,"[('move', 'earthquake', 200.0), ('move', 'waterfall', 120.0), ('switch', 'zaciancrowned', 95.0), ('move', 'bodyslam', 85.0), ('move', 'terablast', 80.0), ('switch', 'eternatus', 65.0), ('switch', 'koraidon', 35.0), ('switch', 'ribombee', -2.5), ('switch', 'arceusghost', -65.0)]",move:earthquake,200.0,True
battle-gen9ubers-10438,4,kyogre,1.0,,chesnaught,1.0,,general_scoring,"[('switch', 'ribombee', 270.0), ('switch', 'eternatus', 215.0), ('switch', 'koraidon', 155.0), ('switch', 'arceusghost', 65.0), ('switch', 'zaciancrowned', 65.0), ('move', 'earthquake', 50.0)]",switch:ribombee,270.0,True
battle-gen9ubers-10438,5,ribombee,1.0,,chesnaught,1.0,,general_scoring,"[('move', 'moonblast', 285.0), ('switch', 'eternatus', 215.0), ('switch', 'koraidon', 155.0), ('move', 'uturn', 105.0), ('switch', 'arceusghost', 65.0), ('switch', 'zaciancrowned', 65.0), ('move', 'stunspore', 30.0), ('move', 'stickyweb', 10.0), ('switch', 'kyogre', -60.0)]",move:moonblast,285.0,True
battle-gen9ubers-10438,6,ribombee,1.0,,zapdosgalar,0.03,,hard_ko,[],move:moonblast,,True
battle-gen9ubers-10438,7,ribombee,0.367816091954023,,entei,1.0,,general_scoring,"[('switch', 'eternatus', 225.0), ('switch', 'kyogre', 185.0), ('switch', 'arceusghost', 75.0), ('move', 'moonblast', 71.25), ('switch', 'koraidon', 63.75), ('move', 'uturn', 52.5), ('move', 'stunspore', 30.0), ('move', 'stickyweb', 10.0), ('switch', 'zaciancrowned', -25.0)]",switch:eternatus,225.0,True
battle-gen9ubers-10438,8,eternatus,1.0,,volcanion,1.0,,general_scoring,"[('move', 'meteorbeam', 240.0), ('move', 'dynamaxcannon', 150.0), ('switch', 'kyogre', 145.0), ('move', 'sludgebomb', 135.0), ('switch', 'arceusghost', 75.0), ('switch', 'koraidon', 63.75), ('switch', 'zaciancrowned', 35.0), ('move', 'fireblast', 27.5), ('switch', 'ribombee', -73.75)]",move:meteorbeam,240.0,True
battle-gen9ubers-10438,9,eternatus,1.0,,entei,1.0,,general_scoring,"[('move', 'meteorbeam', 240.0), ('switch', 'kyogre', 185.0), ('move', 'dynamaxcannon', 150.0), ('move', 'sludgebomb', 135.0), ('switch', 'arceusghost', 75.0), ('switch', 'koraidon', 63.75), ('move', 'fireblast', 55.0), ('switch', 'zaciancrowned', -25.0), ('switch', 'ribombee', -73.75)]",move:meteorbeam,240.0,True
battle-gen9ubers-10438,10,eternatus,1.0,,chesnaught,1.0,,general_scoring,"[('move', 'meteorbeam', 60.0)]",move:meteorbeam,60.0,True
battle-gen9ubers-10438,11,eternatus,1.0,,chesnaught,0.98,,general_scoring,"[('move', 'sludgebomb', 270.0), ('switch', 'ribombee', 270.0), ('move', 'fireblast', 220.0), ('switch', 'koraidon', 155.0), ('move', 'dynamaxcannon', 150.0), ('switch', 'arceusghost', 65.0), ('switch', 'zaciancrowned', 65.0), ('move', 'meteorbeam', 60.0), ('switch', 'kyogre', -60.0)]",move:sludgebomb,270.0,True
battle-gen9ubers-10438,12,eternatus,1.0,,chesnaught,1.0,,general_scoring,"[('move', 'sludgebomb', 270.0), ('switch', 'ribombee', 270.0), ('move', 'fireblast', 220.0), ('switch', 'koraidon', 155.0), ('move', 'dynamaxcannon', 150.0), ('switch', 'arceusghost', 65.0), ('switch', 'zaciancrowned', 65.0), ('move', 'meteorbeam', 60.0), ('switch', 'kyogre', -60.0)]",move:sludgebomb,270.0,True
battle-gen9ubers-10438,13,eternatus,0.8764845605700713,,chesnaught,1.0,,general_scoring,"[('move', 'sludgebomb', 270.0), ('switch', 'ribombee', 270.0), ('move', 'fireblast', 220.0), ('switch', 'koraidon', 155.0), ('move', 'dynamaxcannon', 150.0), ('switch', 'arceusghost', 65.0), ('switch', 'zaciancrowned', 65.0), ('move', 'meteorbeam', 60.0), ('switch', 'kyogre', -60.0)]",move:sludgebomb,270.0,True
battle-gen9ubers-10438,14,eternatus,0.7102137767220903,,chesnaught,1.0,,general_scoring,"[('move', 'sludgebomb', 270.0), ('switch', 'ribombee', 270.0), ('move', 'fireblast', 220.0), ('switch', 'koraidon', 155.0), ('move', 'dynamaxcannon', 150.0), ('switch', 'arceusghost', 65.0), ('switch', 'zaciancrowned', 65.0), ('move', 'meteorbeam', 60.0), ('switch', 'kyogre', -60.0)]",move:sludgebomb,270.0,True
battle-gen9ubers-10438,15,eternatus,0.7102137767220903,,bronzong,1.0,,general_scoring,"[('switch', 'arceusghost', 255.0), ('move', 'fireblast', 220.0), ('switch', 'kyogre', 115.0), ('switch', 'koraidon', 95.0), ('move', 'dynamaxcannon', 75.0), ('move', 'meteorbeam', 60.0), ('switch', 'zaciancrowned', 35.0), ('move', 'sludgebomb', 0.0), ('switch', 'ribombee', -40.0)]",switch:arceusghost,255.0,True
battle-gen9ubers-10438,16,arceusghost,1.0,,bronzong,1.0,,general_scoring,"[('move', 'judgment', 300.0), ('switch', 'kyogre', 115.0), ('move', 'calmmind', 110.0), ('switch', 'koraidon', 95.0), ('move', 'aurasphere', 80.0), ('switch', 'eternatus', 75.0), ('move', 'powergem', 40.0), ('switch', 'zaciancrowned', 35.0), ('switch', 'ribombee', -40.0)]",move:judgment,300.0,True
battle-gen9ubers-10438,17,arceusghost,1.0,,chesnaught,0.26,,hard_ko,[],move:judgment,,True
battle-gen9ubers-10438,18,arceusghost,1.0,,bronzong,1.0,,general_scoring,"[('move', 'judgment', 300.0), ('switch', 'kyogre', 115.0), ('move', 'calmmind', 110.0), ('switch', 'koraidon', 95.0), ('move', 'aurasphere', 80.0), ('switch', 'eternatus', 75.0), ('move', 'powergem', 40.0), ('switch', 'zaciancrowned', 35.0), ('switch', 'ribombee', -40.0)]",move:judgment,300.0,True
